1.00000000 -0.75699248 -0.21428571 0.00000000 1.00000000 -0.25000000 -0.97964912 1.00000000 1.00000000 -0.82089552 -1.00000000 0.00000000 -0.87900000 -1.00000000 1.00000000
1.00000000 -0.70917293 -0.95821429 0.00000000 0.07692308 0.75000000 -0.99403509 1.00000000 -1.00000000 -1.00000000 -1.00000000 0.00000000 -0.82000000 -1.00000000 -1.00000000
1.00000000 -0.80451128 -0.28857143 0.00000000 0.38461538 -0.75000000 -1.00000000 1.00000000 -1.00000000 -1.00000000 -1.00000000 0.00000000 -1.00000000 -1.00000000 1.00000000
1.00000000 0.28812030 0.32142857 0.00000000 -0.84615385 0.00000000 0.05263158 1.00000000 1.00000000 -0.49253731 1.00000000 0.00000000 -1.00000000 -1.00000000 1.00000000
1.00000000 0.46616541 -0.08928571 -1.00000000 0.07692308 0.75000000 -0.64912281 1.00000000 -1.00000000 -1.00000000 -1.00000000 0.00000000 -0.88800000 -1.00000000 -1.00000000
1.00000000 -0.77203008 -0.46428571 0.00000000 -0.23076923 -0.25000000 -0.90070175 1.00000000 1.00000000 -0.97014925 -1.00000000 0.00000000 -0.92000000 -0.80400000 1.00000000
1.00000000 -0.71939850 -0.82142857 0.00000000 0.07692308 -0.25000000 -0.92385965 1.00000000 1.00000000 -0.67164179 1.00000000 0.00000000 -0.94000000 -0.95632000 1.00000000
1.00000000 -0.09022556 -0.85714286 0.00000000 -0.07692308 -0.25000000 -0.87719298 1.00000000 1.00000000 -0.94029851 1.00000000 0.00000000 -1.00000000 -0.99970000 1.00000000
0.00000000 -0.56631579 -0.95821429 0.00000000 -0.23076923 -0.25000000 -0.99719298 -1.00000000 -1.00000000 -1.00000000 -1.00000000 0.00000000 -0.74000000 -0.97992000 -1.00000000
1.00000000 -0.17533835 -0.71142857 0.00000000 0.84615385 0.75000000 -0.50877193 1.00000000 1.00000000 -0.76119403 -1.00000000 0.00000000 -0.68000000 -1.00000000 1.00000000
1.00000000 -0.40360902 -0.80357143 0.00000000 -0.07692308 -0.25000000 -0.70175439 1.00000000 1.00000000 -0.82089552 -1.00000000 0.00000000 -0.79600000 -1.00000000 1.00000000
0.00000000 0.00751880 -0.94642857 0.00000000 0.53846154 0.75000000 -0.80701754 1.00000000 1.00000000 -0.97014925 -1.00000000 0.00000000 -0.66700000 -0.98216000 1.00000000
1.00000000 -0.71187970 -0.16964286 -1.00000000 0.23076923 -0.25000000 -0.94140351 1.00000000 -1.00000000 -1.00000000 1.00000000 0.00000000 -0.84000000 -0.99400000 1.00000000
1.00000000 -0.70676692 -0.77392857 -1.00000000 -0.53846154 -0.25000000 -0.97087719 -1.00000000 1.00000000 -0.97014925 1.00000000 0.00000000 -0.72000000 -0.99840000 -1.00000000
0.00000000 -0.51127820 -0.62214286 0.00000000 0.38461538 -0.75000000 -0.84210526 1.00000000 1.00000000 -0.85074627 1.00000000 0.00000000 -0.90100000 -0.99000000 1.00000000
1.00000000 0.13022556 -0.28571429 0.00000000 -0.69230769 0.00000000 -1.00000000 1.00000000 1.00000000 -0.67164179 -1.00000000 0.00000000 -1.00000000 -0.97502000 1.00000000
1.00000000 -0.62406015 -0.89000000 0.00000000 0.23076923 -0.25000000 -0.99122807 -1.00000000 -1.00000000 -1.00000000 -1.00000000 0.00000000 -0.90000000 -1.00000000 -1.00000000
1.00000000 -0.75428571 -0.96142857 -1.00000000 1.00000000 -0.25000000 -0.99719298 1.00000000 1.00000000 -0.97014925 1.00000000 0.00000000 -0.16000000 -0.99882000 1.00000000
1.00000000 -0.18285714 -0.94035714 0.00000000 -1.00000000 -1.00000000 -1.00000000 1.00000000 -1.00000000 -1.00000000 -1.00000000 0.00000000 -0.87000000 -0.99998000 -1.00000000
0.00000000 0.28571429 0.14285714 0.00000000 -0.38461538 -1.00000000 -1.00000000 1.00000000 1.00000000 -0.55223881 -1.00000000 0.00000000 -1.00000000 -0.99506000 1.00000000
1.00000000 -0.73684211 -0.99107143 -1.00000000 -0.53846154 -0.25000000 -0.99122807 -1.00000000 -1.00000000 -1.00000000 -1.00000000 0.00000000 -0.80000000 -0.99860000 -1.00000000
0.00000000 -0.73172932 -0.97607143 0.00000000 0.53846154 -0.25000000 -0.94736842 -1.00000000 -1.00000000 -1.00000000 -1.00000000 -1.00000000 -0.84000000 -1.00000000 -1.00000000
1.00000000 -0.47368421 -0.79750000 0.00000000 -1.00000000 -1.00000000 -1.00000000 -1.00000000 1.00000000 -0.85074627 -1.00000000 0.00000000 -0.82400000 -0.99708000 -1.00000000
1.00000000 -0.67909774 -0.11892857 0.00000000 0.53846154 0.75000000 -0.88877193 1.00000000 -1.00000000 -1.00000000 1.00000000 0.00000000 -0.88000000 -1.00000000 1.00000000
0.00000000 0.19037594 -0.98821429 0.00000000 -1.00000000 -1.00000000 -1.00000000 -1.00000000 -1.00000000 -1.00000000 1.00000000 -1.00000000 -0.93800000 -0.99946000 -1.00000000
1.00000000 -0.46406015 -0.78571429 -1.00000000 -0.69230769 0.00000000 -0.50877193 -1.00000000 -1.00000000 -1.00000000 -1.00000000 0.00000000 -1.00000000 -0.99998000 -1.00000000
1.00000000 -0.29563910 -0.71428571 0.00000000 0.07692308 0.00000000 -0.64912281 1.00000000 -1.00000000 -1.00000000 1.00000000 -1.00000000 -0.72000000 -1.00000000 -1.00000000
1.00000000 0.79458647 0.26785714 0.00000000 -1.00000000 -1.00000000 -1.00000000 1.00000000 -1.00000000 -1.00000000 1.00000000 0.00000000 -1.00000000 -1.00000000 1.00000000
0.00000000 -0.39849624 -0.94642857 0.00000000 -0.53846154 0.00000000 -0.92982456 1.00000000 1.00000000 -0.91044776 1.00000000 0.00000000 -0.78800000 -1.00000000 -1.00000000
1.00000000 -0.50135338 -0.96428571 0.00000000 -0.84615385 0.75000000 -0.99403509 -1.00000000 -1.00000000 -1.00000000 1.00000000 -1.00000000 -0.74800000 -1.00000000 -1.00000000
1.00000000 0.05263158 0.88107143 -1.00000000 -1.00000000 -1.00000000 -1.00000000 1.00000000 -1.00000000 -1.00000000 1.00000000 0.00000000 -1.00000000 -1.00000000 -1.00000000
0.00000000 -0.49624060 -0.53571429 0.00000000 0.07692308 0.00000000 -0.71929825 1.00000000 1.00000000 -0.79104478 1.00000000 0.00000000 -1.00000000 -0.93870000 1.00000000
1.00000000 -0.77203008 -0.25000000 0.00000000 0.07692308 -0.25000000 -0.78947368 1.00000000 -1.00000000 -1.00000000 1.00000000 0.00000000 -1.00000000 -1.00000000 1.00000000
1.00000000 -0.63669173 -0.08321429 0.00000000 0.84615385 -0.25000000 -0.96491228 -1.00000000 -1.00000000 -1.00000000 -1.00000000 0.00000000 -1.00000000 -0.99996000 -1.00000000
0.00000000 -0.00992481 -0.96714286 0.00000000 0.84615385 0.75000000 -0.97087719 1.00000000 1.00000000 -0.67164179 1.00000000 0.00000000 -0.56000000 -0.99988000 1.00000000
0.00000000 -0.70436090 -0.17857143 -1.00000000 -0.53846154 0.75000000 -0.78947368 -1.00000000 -1.00000000 -1.00000000 1.00000000 0.00000000 -0.98000000 -0.99968000 -1.00000000
1.00000000 -0.57654135 -0.89000000 0.00000000 0.23076923 -0.25000000 -0.73684211 1.00000000 1.00000000 -0.85074627 1.00000000 0.00000000 -0.90000000 -0.99994000 1.00000000
0.00000000 -0.65654135 -0.79464286 0.00000000 1.00000000 0.75000000 -0.93859649 1.00000000 -1.00000000 -1.00000000 -1.00000000 0.00000000 -0.64000000 -1.00000000 1.00000000
0.00000000 -0.79939850 -0.46428571 0.00000000 -0.53846154 -0.25000000 -0.89473684 1.00000000 1.00000000 -0.97014925 -1.00000000 0.00000000 -0.84000000 -0.99532000 1.00000000
0.00000000 0.65172932 0.07142857 0.00000000 0.38461538 1.00000000 -1.00000000 1.00000000 1.00000000 -0.58208955 -1.00000000 0.00000000 -1.00000000 -0.93248000 1.00000000
0.00000000 -0.55398496 -0.74714286 0.00000000 -0.69230769 0.00000000 -0.96491228 1.00000000 -1.00000000 -1.00000000 1.00000000 0.00000000 -0.82900000 -1.00000000 -1.00000000
0.00000000 -0.72691729 -0.83642857 0.00000000 0.53846154 0.75000000 -0.83929825 1.00000000 1.00000000 -0.79104478 1.00000000 0.00000000 -0.86000000 -0.95232000 1.00000000
1.00000000 -0.74676692 -0.83928571 0.00000000 -0.69230769 -0.25000000 -0.99122807 -1.00000000 -1.00000000 -1.00000000 -1.00000000 0.00000000 -0.84000000 -0.99980000 -1.00000000
1.00000000 0.62406015 -0.60714286 0.00000000 0.38461538 1.00000000 -0.08771930 1.00000000 1.00000000 -0.97014925 1.00000000 0.00000000 -1.00000000 -1.00000000 1.00000000
1.00000000 -0.31578947 -0.69642857 0.00000000 0.53846154 -0.25000000 -0.75438596 -1.00000000 -1.00000000 -1.00000000 -1.00000000 0.00000000 -0.54600000 -0.99900000 -1.00000000
1.00000000 -0.56390977 -0.63392857 0.00000000 1.00000000 -0.25000000 -0.66666667 1.00000000 1.00000000 -0.94029851 -1.00000000 0.00000000 -0.58000000 -0.99986000 1.00000000
0.00000000 -0.36601504 -0.91071429 -1.00000000 -0.69230769 0.75000000 -0.96491228 -1.00000000 -1.00000000 -1.00000000 1.00000000 0.00000000 -0.84000000 -1.00000000 -1.00000000
1.00000000 -0.31067669 -0.85714286 0.00000000 -0.69230769 -0.25000000 -0.98245614 -1.00000000 -1.00000000 -1.00000000 1.00000000 0.00000000 -0.77900000 -1.00000000 -1.00000000
0.00000000 -0.93744361 -0.95821429 0.00000000 0.07692308 0.75000000 -0.89473684 1.00000000 1.00000000 -0.94029851 -1.00000000 0.00000000 -0.90000000 -1.00000000 1.00000000
1.00000000 -0.08270677 -0.96428571 0.00000000 -0.07692308 -0.25000000 -0.24561404 1.00000000 -1.00000000 -1.00000000 -1.00000000 -1.00000000 -0.60000000 -1.00000000 -1.00000000
1.00000000 -0.76451128 -0.94357143 -1.00000000 0.84615385 -0.25000000 -0.95333333 -1.00000000 -1.00000000 -1.00000000 -1.00000000 0.00000000 -0.84000000 -1.00000000 -1.00000000
0.00000000 -0.08030075 -1.00000000 0.00000000 0.07692308 -0.25000000 -0.82456140 1.00000000 -1.00000000 -1.00000000 -1.00000000 0.00000000 -1.00000000 -1.00000000 1.00000000
1.00000000 -0.49112782 -0.82142857 0.00000000 0.84615385 0.75000000 -0.84210526 -1.00000000 -1.00000000 -1.00000000 1.00000000 -1.00000000 -0.66000000 -1.00000000 -1.00000000
1.00000000 -0.60902256 -0.85714286 0.00000000 -0.84615385 -0.25000000 -0.94736842 -1.00000000 -1.00000000 -1.00000000 1.00000000 0.00000000 -0.92000000 -1.00000000 -1.00000000
1.00000000 -0.40360902 -0.97607143 -1.00000000 0.84615385 -0.25000000 -0.99403509 -1.00000000 -1.00000000 -1.00000000 -1.00000000 0.00000000 -0.82000000 -1.00000000 -1.00000000
0.00000000 -0.55879699 -0.75000000 0.00000000 0.23076923 -0.25000000 -0.94140351 1.00000000 -1.00000000 -1.00000000 -1.00000000 -1.00000000 -0.72000000 -1.00000000 1.00000000
1.00000000 -0.69413534 -0.95250000 0.00000000 0.07692308 -0.25000000 -0.98842105 -1.00000000 -1.00000000 -1.00000000 -1.00000000 0.00000000 -0.90000000 -1.00000000 1.00000000
0.00000000 -0.45353383 -0.77678571 0.00000000 -1.00000000 -1.00000000 -0.78666667 -1.00000000 1.00000000 -0.94029851 1.00000000 0.00000000 -0.80000000 -0.99992000 -1.00000000
1.00000000 -0.57654135 -0.71428571 -1.00000000 -0.69230769 0.75000000 -0.59649123 1.00000000 1.00000000 -0.94029851 1.00000000 0.00000000 -0.92500000 -1.00000000 -1.00000000
0.00000000 -0.47368421 -0.73214286 0.00000000 0.84615385 0.75000000 -0.95614035 1.00000000 1.00000000 -0.73134328 1.00000000 0.00000000 -0.81900000 -1.00000000 1.00000000
0.00000000 -0.24812030 -0.89285714 0.00000000 -1.00000000 -1.00000000 -1.00000000 -1.00000000 -1.00000000 -1.00000000 -1.00000000 0.00000000 -0.92400000 -1.00000000 -1.00000000
0.00000000 -0.33834586 -0.93464286 0.00000000 -0.23076923 -0.25000000 -0.94736842 1.00000000 1.00000000 -0.88059701 -1.00000000 0.00000000 -1.00000000 -0.96834000 1.00000000
1.00000000 -0.50616541 -0.53571429 0.00000000 0.84615385 -0.25000000 -0.78070175 1.00000000 1.00000000 -0.76119403 -1.00000000 0.00000000 -0.67000000 -0.97600000 1.00000000
1.00000000 -0.51639098 -0.75000000 0.00000000 0.07692308 -0.25000000 -0.98842105 -1.00000000 -1.00000000 -1.00000000 -1.00000000 0.00000000 -0.78400000 -1.00000000 -1.00000000
0.00000000 -0.73684211 -0.39571429 -1.00000000 1.00000000 -0.25000000 -0.82736842 -1.00000000 -1.00000000 -1.00000000 -1.00000000 0.00000000 -0.83600000 -1.00000000 1.00000000
1.00000000 -0.86977444 -0.51785714 -1.00000000 -0.07692308 -0.25000000 -0.99719298 -1.00000000 -1.00000000 -1.00000000 -1.00000000 0.00000000 -0.86000000 -1.00000000 -1.00000000
1.00000000 -0.64902256 -0.96142857 0.00000000 0.23076923 -0.25000000 -0.98842105 -1.00000000 1.00000000 -0.97014925 -1.00000000 0.00000000 -0.72800000 -0.99112000 -1.00000000
0.00000000 -0.67428571 -0.95214286 0.00000000 -0.23076923 0.75000000 -0.87719298 1.00000000 -1.00000000 -1.00000000 -1.00000000 0.00000000 -0.60000000 -1.00000000 -1.00000000
0.00000000 0.16541353 -0.50000000 0.00000000 -0.23076923 0.75000000 -0.78947368 -1.00000000 -1.00000000 -1.00000000 -1.00000000 0.00000000 -1.00000000 -1.00000000 -1.00000000
1.00000000 -0.08030075 -0.96428571 0.00000000 -0.69230769 0.75000000 -0.64912281 1.00000000 -1.00000000 -1.00000000 1.00000000 0.00000000 -0.68000000 -1.00000000 1.00000000
0.00000000 0.29563910 -0.69642857 -1.00000000 -1.00000000 -1.00000000 -0.64912281 -1.00000000 -1.00000000 -1.00000000 1.00000000 0.00000000 -1.00000000 -0.99992000 -1.00000000
1.00000000 -0.79187970 -0.94035714 -1.00000000 0.07692308 -0.25000000 -0.85964912 -1.00000000 -1.00000000 -1.00000000 1.00000000 -1.00000000 -0.76000000 -1.00000000 -1.00000000
1.00000000 -0.47127820 0.39285714 0.00000000 0.07692308 -0.25000000 -0.50877193 1.00000000 1.00000000 -0.52238806 -1.00000000 0.00000000 -1.00000000 -0.90000000 1.00000000
0.00000000 0.08511278 -0.02964286 0.00000000 -0.53846154 0.75000000 -0.40350877 1.00000000 -1.00000000 -1.00000000 1.00000000 0.00000000 -1.00000000 -1.00000000 1.00000000
1.00000000 -0.47879699 -0.77964286 0.00000000 0.07692308 -0.25000000 -0.82456140 -1.00000000 1.00000000 -0.94029851 1.00000000 0.00000000 -0.84000000 -0.99918000 -1.00000000
1.00000000 -0.79187970 -0.97035714 0.00000000 0.07692308 -0.25000000 -0.99122807 -1.00000000 -1.00000000 -1.00000000 -1.00000000 0.00000000 -1.00000000 -0.99912000 -1.00000000
1.00000000 -0.92240602 -0.80357143 0.00000000 -0.23076923 -0.25000000 -0.95333333 -1.00000000 1.00000000 -0.97014925 -1.00000000 0.00000000 -0.92000000 -0.99958000 -1.00000000
1.00000000 -0.36090226 -0.75892857 0.00000000 0.07692308 0.75000000 -0.41824561 -1.00000000 -1.00000000 -1.00000000 1.00000000 0.00000000 -1.00000000 -1.00000000 -1.00000000
1.00000000 -0.77954887 -0.27964286 -1.00000000 0.38461538 0.75000000 -0.91228070 -1.00000000 -1.00000000 -1.00000000 -1.00000000 0.00000000 -0.74000000 -1.00000000 -1.00000000
1.00000000 -0.45624060 -0.99714286 -1.00000000 -0.07692308 -0.25000000 -0.99719298 -1.00000000 -1.00000000 -1.00000000 -1.00000000 0.00000000 -1.00000000 -1.00000000 -1.00000000
1.00000000 -0.72932331 -0.17857143 0.00000000 -0.69230769 -0.25000000 -0.97087719 -1.00000000 -1.00000000 -1.00000000 -1.00000000 0.00000000 -1.00000000 -1.00000000 -1.00000000
0.00000000 0.30315789 0.39285714 0.00000000 0.07692308 -0.25000000 -0.61403509 1.00000000 1.00000000 -0.79104478 -1.00000000 0.00000000 -1.00000000 -0.94000000 1.00000000
1.00000000 -0.22315789 -0.64285714 0.00000000 -1.00000000 -1.00000000 -1.00000000 -1.00000000 1.00000000 -0.94029851 -1.00000000 0.00000000 -0.98300000 -0.99998000 -1.00000000
1.00000000 -0.11518797 -0.64285714 0.00000000 -0.69230769 0.00000000 -0.84210526 -1.00000000 -1.00000000 -1.00000000 1.00000000 0.00000000 -0.85900000 -1.00000000 -1.00000000
1.00000000 -0.63398496 -0.93750000 0.00000000 -0.53846154 -0.25000000 -0.97368421 -1.00000000 1.00000000 -0.94029851 1.00000000 0.00000000 -0.82600000 -0.99994000 -1.00000000
1.00000000 -0.71428571 -0.71428571 0.00000000 0.07692308 0.00000000 -0.98245614 1.00000000 -1.00000000 -1.00000000 1.00000000 0.00000000 -0.84000000 -1.00000000 1.00000000
0.00000000 -0.08511278 -0.52392857 0.00000000 0.53846154 -0.25000000 -0.48245614 1.00000000 1.00000000 -0.91044776 1.00000000 0.00000000 -1.00000000 -1.00000000 1.00000000
1.00000000 -0.23819549 -0.57142857 0.00000000 -0.07692308 -0.25000000 -0.90947368 1.00000000 1.00000000 -0.85074627 1.00000000 0.00000000 -0.89200000 -0.97806000 1.00000000
1.00000000 -0.53383459 0.05642857 0.00000000 -0.23076923 -0.25000000 -0.64631579 1.00000000 1.00000000 -0.85074627 1.00000000 0.00000000 -0.83200000 -1.00000000 1.00000000
1.00000000 -0.45112782 -0.87500000 -1.00000000 0.38461538 0.75000000 -0.99719298 1.00000000 -1.00000000 -1.00000000 1.00000000 0.00000000 -0.60700000 -1.00000000 1.00000000
1.00000000 -0.37834586 -0.90464286 0.00000000 -0.69230769 0.00000000 -0.99122807 -1.00000000 -1.00000000 -1.00000000 1.00000000 0.00000000 -0.56000000 -0.91000000 -1.00000000
1.00000000 -0.57894737 -0.95821429 -1.00000000 0.84615385 -0.25000000 -0.98245614 1.00000000 1.00000000 -0.94029851 -1.00000000 0.00000000 -0.74000000 -0.99000000 1.00000000
0.00000000 -0.54887218 -0.73214286 0.00000000 0.07692308 -0.25000000 -0.92385965 1.00000000 1.00000000 -0.97014925 1.00000000 0.00000000 -0.62900000 -1.00000000 1.00000000
1.00000000 -0.71669173 -1.00000000 0.00000000 0.07692308 -0.25000000 -1.00000000 -1.00000000 -1.00000000 -1.00000000 -1.00000000 1.00000000 -0.81600000 -1.00000000 1.00000000
1.00000000 -0.93233083 -0.77678571 0.00000000 0.23076923 -0.25000000 -0.99403509 -1.00000000 1.00000000 -0.97014925 -1.00000000 0.00000000 -1.00000000 -0.99988000 -1.00000000
1.00000000 -0.68932331 -0.35714286 0.00000000 -0.23076923 -0.25000000 -0.98245614 -1.00000000 -1.00000000 -1.00000000 1.00000000 0.00000000 -1.00000000 -1.00000000 -1.00000000
0.00000000 -0.61413534 -0.81857143 -1.00000000 -1.00000000 -1.00000000 -1.00000000 -1.00000000 -1.00000000 -1.00000000 1.00000000 0.00000000 -0.82000000 -0.99880000 -1.00000000
1.00000000 -0.85203008 -0.64285714 0.00000000 0.53846154 -0.25000000 -0.97368421 1.00000000 1.00000000 -0.94029851 -1.00000000 0.00000000 -1.00000000 -0.99924000 -1.00000000
0.00000000 -0.72421053 -0.17250000 0.00000000 0.84615385 -0.25000000 -0.99719298 1.00000000 -1.00000000 -1.00000000 -1.00000000 0.00000000 -0.92000000 -0.97302000 1.00000000
0.00000000 -0.66165414 -0.21428571 -1.00000000 -0.23076923 -0.25000000 -0.68421053 1.00000000 -1.00000000 -1.00000000 -1.00000000 0.00000000 -0.88000000 -1.00000000 -1.00000000
1.00000000 -0.58887218 -0.10714286 0.00000000 -0.23076923 0.00000000 -0.98245614 -1.00000000 -1.00000000 -1.00000000 1.00000000 0.00000000 -0.28000000 -1.00000000 -1.00000000
0.00000000 0.34345865 0.50000000 0.00000000 -0.69230769 0.00000000 -0.29824561 1.00000000 1.00000000 -0.61194030 -1.00000000 0.00000000 -1.00000000 -0.86600000 1.00000000
1.00000000 -1.00000000 -0.71428571 -1.00000000 0.23076923 -0.25000000 -0.87719298 1.00000000 1.00000000 -0.94029851 1.00000000 0.00000000 -0.88000000 -0.98000000 1.00000000
1.00000000 -0.43097744 -0.60714286 0.00000000 0.53846154 0.75000000 -0.61403509 1.00000000 1.00000000 -0.64179104 1.00000000 0.00000000 -0.59200000 -0.98000000 1.00000000
1.00000000 -0.45624060 -0.82142857 0.00000000 -0.23076923 -0.25000000 -0.47368421 1.00000000 -1.00000000 -1.00000000 1.00000000 0.00000000 -0.47700000 -1.00000000 -1.00000000
0.00000000 -0.73924812 -0.19642857 -1.00000000 1.00000000 0.75000000 -0.94736842 1.00000000 1.00000000 -0.88059701 -1.00000000 0.00000000 -1.00000000 -0.99358000 1.00000000
1.00000000 -0.55127820 -0.33321429 0.00000000 0.53846154 0.75000000 -0.60245614 1.00000000 1.00000000 -0.82089552 -1.00000000 0.00000000 -0.61900000 -0.99664000 1.00000000
1.00000000 -0.32090226 -0.84821429 -1.00000000 0.23076923 -0.25000000 -0.99403509 1.00000000 1.00000000 -0.97014925 -1.00000000 0.00000000 -0.95000000 -0.97626000 1.00000000
0.00000000 -0.44601504 -0.89571429 0.00000000 0.23076923 -0.25000000 -0.92385965 1.00000000 1.00000000 -0.52238806 -1.00000000 0.00000000 -0.88000000 -0.95842000 1.00000000
1.00000000 -0.19308271 -0.64285714 0.00000000 0.07692308 -0.25000000 -0.64912281 1.00000000 1.00000000 -0.79104478 -1.00000000 0.00000000 -1.00000000 -0.93870000 1.00000000
1.00000000 -0.38586466 -0.62500000 0.00000000 0.23076923 -0.25000000 -0.99403509 -1.00000000 -1.00000000 -1.00000000 1.00000000 0.00000000 -0.71000000 -0.99988000 1.00000000
1.00000000 0.02496241 -0.70250000 0.00000000 1.00000000 0.00000000 -0.99403509 -1.00000000 -1.00000000 -1.00000000 1.00000000 0.00000000 -0.48000000 -1.00000000 -1.00000000
1.00000000 -0.56631579 -0.99107143 -1.00000000 -0.53846154 -0.25000000 -0.99403509 -1.00000000 -1.00000000 -1.00000000 -1.00000000 0.00000000 -0.78400000 -0.95800000 -1.00000000
1.00000000 -0.79699248 -0.82750000 0.00000000 0.07692308 -0.25000000 -0.85964912 1.00000000 1.00000000 -0.67164179 1.00000000 0.00000000 -0.80000000 -0.94000000 1.00000000
1.00000000 0.66676692 -0.35714286 0.00000000 -1.00000000 -1.00000000 -0.71929825 -1.00000000 1.00000000 -0.97014925 -1.00000000 0.00000000 -0.93000000 -0.99988000 -1.00000000
0.00000000 0.09263158 -0.10428571 0.00000000 -0.23076923 -0.25000000 -0.83929825 1.00000000 1.00000000 -0.91044776 1.00000000 0.00000000 -0.84400000 -1.00000000 1.00000000
1.00000000 -0.12781955 -0.78571429 0.00000000 -0.69230769 0.00000000 -0.92982456 1.00000000 -1.00000000 -1.00000000 -1.00000000 0.00000000 -1.00000000 -0.99600000 -1.00000000
1.00000000 -0.12541353 -0.91071429 0.00000000 -0.07692308 -0.25000000 -0.02631579 -1.00000000 1.00000000 -0.97014925 1.00000000 0.00000000 -0.64800000 -0.99776000 -1.00000000
1.00000000 0.03248120 -0.56857143 0.00000000 -0.53846154 -0.25000000 -0.99719298 -1.00000000 -1.00000000 -1.00000000 -1.00000000 0.00000000 -1.00000000 -0.94620000 1.00000000
0.00000000 -0.58135338 -0.85428571 0.00000000 0.23076923 -0.25000000 -0.98245614 -1.00000000 -1.00000000 -1.00000000 1.00000000 0.00000000 -0.82000000 -0.99900000 -1.00000000
1.00000000 0.22796992 -0.32750000 0.00000000 -1.00000000 -1.00000000 0.01157895 1.00000000 1.00000000 -0.67164179 1.00000000 0.00000000 -0.97000000 -0.99400000 1.00000000
1.00000000 -0.83699248 -1.00000000 -1.00000000 -0.07692308 0.00000000 -1.00000000 -1.00000000 -1.00000000 -1.00000000 1.00000000 -1.00000000 -0.50000000 -0.99998000 1.00000000
1.00000000 -0.38345865 -0.87500000 0.00000000 0.23076923 0.00000000 -0.98245614 1.00000000 -1.00000000 -1.00000000 1.00000000 0.00000000 -0.83700000 -1.00000000 -1.00000000
1.00000000 -0.58135338 -0.94642857 0.00000000 0.53846154 0.75000000 -0.98842105 -1.00000000 -1.00000000 -1.00000000 1.00000000 0.00000000 -0.78000000 -0.99498000 -1.00000000
0.00000000 -0.59398496 -0.97928571 0.00000000 -0.07692308 0.75000000 -0.99122807 -1.00000000 1.00000000 -0.97014925 1.00000000 0.00000000 -0.72800000 -0.99784000 -1.00000000
0.00000000 -0.78706767 -0.96428571 -1.00000000 0.38461538 -0.75000000 -0.92982456 -1.00000000 -1.00000000 -1.00000000 -1.00000000 0.00000000 -0.74000000 -1.00000000 -1.00000000
1.00000000 -0.73684211 -0.17857143 -1.00000000 -0.07692308 -0.25000000 -0.89473684 -1.00000000 -1.00000000 -1.00000000 1.00000000 0.00000000 -1.00000000 -0.92000000 -1.00000000
0.00000000 -0.56902256 0.07142857 -1.00000000 0.38461538 1.00000000 -1.00000000 1.00000000 -1.00000000 -1.00000000 -1.00000000 0.00000000 -1.00000000 -0.73576000 1.00000000
1.00000000 -0.87458647 -0.98535714 0.00000000 -0.23076923 -0.25000000 -0.99719298 -1.00000000 -1.00000000 -1.00000000 -1.00000000 0.00000000 -0.72000000 -0.98500000 -1.00000000
0.00000000 -0.92240602 -0.98500000 0.00000000 -0.23076923 -0.25000000 -0.99122807 -1.00000000 -1.00000000 -1.00000000 -1.00000000 0.00000000 -0.80000000 -0.99998000 -1.00000000
1.00000000 -0.28571429 -0.94035714 0.00000000 0.38461538 -0.25000000 -0.99719298 -1.00000000 -1.00000000 -1.00000000 -1.00000000 0.00000000 -0.88000000 -0.99990000 -1.00000000
1.00000000 -0.52120301 -0.89892857 0.00000000 0.23076923 0.75000000 -0.94736842 1.00000000 1.00000000 -0.97014925 -1.00000000 0.00000000 -0.76000000 -0.99800000 1.00000000
1.00000000 -0.40090226 -0.84535714 0.00000000 0.07692308 -0.25000000 -0.89473684 -1.00000000 -1.00000000 -1.00000000 -1.00000000 1.00000000 -0.88000000 -1.00000000 -1.00000000
1.00000000 -0.92992481 -0.94642857 0.00000000 0.07692308 -0.25000000 -0.87719298 1.00000000 1.00000000 -0.85074627 1.00000000 0.00000000 -0.64800000 -0.98620000 1.00000000
1.00000000 -0.81203008 -1.00000000 0.00000000 -0.84615385 -0.25000000 -0.96491228 -1.00000000 -1.00000000 -1.00000000 -1.00000000 0.00000000 -0.85600000 -1.00000000 -1.00000000
1.00000000 -0.72180451 -0.95535714 -1.00000000 -0.23076923 -0.25000000 -0.99122807 1.00000000 -1.00000000 -1.00000000 -1.00000000 0.00000000 -0.82000000 -0.99998000 -1.00000000
0.00000000 0.26315789 -0.49428571 0.00000000 -0.53846154 0.75000000 -0.52631579 1.00000000 1.00000000 -0.91044776 1.00000000 0.00000000 -0.90000000 -0.99900000 -1.00000000
0.00000000 0.01263158 -0.78571429 0.00000000 1.00000000 -0.25000000 -0.02631579 1.00000000 1.00000000 -0.94029851 1.00000000 0.00000000 -0.48100000 -0.96592000 1.00000000
1.00000000 -0.16541353 -0.89000000 0.00000000 -0.69230769 0.00000000 -0.75438596 -1.00000000 -1.00000000 -1.00000000 -1.00000000 0.00000000 -0.78400000 -1.00000000 1.00000000
1.00000000 -0.24060150 -0.64285714 0.00000000 0.84615385 -0.25000000 -0.75438596 1.00000000 1.00000000 -0.70149254 1.00000000 0.00000000 -1.00000000 -1.00000000 1.00000000
0.00000000 -0.41864662 -0.66964286 0.00000000 0.53846154 0.75000000 -0.88596491 1.00000000 1.00000000 -0.94029851 -1.00000000 0.00000000 -1.00000000 -1.00000000 1.00000000
0.00000000 -0.55127820 -0.92571429 0.00000000 0.07692308 -0.25000000 -0.82456140 1.00000000 1.00000000 -0.85074627 1.00000000 0.00000000 -0.70000000 -0.97140000 1.00000000
1.00000000 -0.74947368 -0.18142857 0.00000000 -0.53846154 -0.25000000 -0.88877193 -1.00000000 -1.00000000 -1.00000000 1.00000000 0.00000000 -0.90000000 -0.97576000 -1.00000000
0.00000000 -0.55639098 -0.78285714 -1.00000000 1.00000000 0.75000000 -0.82175439 1.00000000 1.00000000 -0.97014925 -1.00000000 0.00000000 -0.93000000 -1.00000000 1.00000000
1.00000000 -0.82706767 -0.97928571 0.00000000 -0.53846154 -0.25000000 -0.97964912 -1.00000000 -1.00000000 -1.00000000 -1.00000000 0.00000000 -0.72000000 -0.99272000 -1.00000000
0.00000000 -0.79187970 -0.86892857 0.00000000 0.53846154 -0.25000000 -0.85368421 1.00000000 1.00000000 -0.85074627 -1.00000000 0.00000000 -0.78000000 -0.94994000 1.00000000
1.00000000 -0.06526316 -0.50000000 -1.00000000 0.07692308 -0.25000000 -0.88596491 -1.00000000 -1.00000000 -1.00000000 -1.00000000 0.00000000 -0.84000000 -0.99996000 -1.00000000
0.00000000 -0.55398496 -0.88107143 0.00000000 0.53846154 -0.25000000 -0.83052632 1.00000000 -1.00000000 -1.00000000 1.00000000 0.00000000 -0.56000000 -1.00000000 -1.00000000
0.00000000 -0.84721805 -0.32142857 0.00000000 0.23076923 -0.25000000 -0.88596491 1.00000000 1.00000000 -0.82089552 1.00000000 0.00000000 -0.96000000 -0.98800000 1.00000000
1.00000000 -0.80691729 -0.33928571 0.00000000 0.07692308 -0.25000000 -0.88315789 1.00000000 1.00000000 -0.91044776 1.00000000 0.00000000 -0.96000000 -0.99944000 1.00000000
1.00000000 1.00000000 -0.60714286 0.00000000 0.07692308 -0.25000000 -0.96210526 1.00000000 -1.00000000 -1.00000000 -1.00000000 0.00000000 -1.00000000 -0.99320000 -1.00000000
0.00000000 -0.78947368 -0.26785714 0.00000000 0.53846154 -0.25000000 -0.95017544 1.00000000 1.00000000 -0.94029851 1.00000000 0.00000000 -0.95100000 -1.00000000 1.00000000
0.00000000 -0.64902256 -0.91964286 0.00000000 0.53846154 -0.25000000 -0.90947368 1.00000000 1.00000000 -0.94029851 -1.00000000 0.00000000 -0.80000000 -1.00000000 -1.00000000
1.00000000 -0.37834586 -0.69642857 0.00000000 -0.69230769 0.00000000 -0.77192982 1.00000000 1.00000000 -0.94029851 -1.00000000 0.00000000 -0.72600000 -0.98780000 1.00000000
1.00000000 -0.71939850 -1.00000000 0.00000000 -0.53846154 -0.25000000 -0.92982456 -1.00000000 1.00000000 -0.67164179 -1.00000000 -1.00000000 -1.00000000 -1.00000000 -1.00000000
1.00000000 -0.82947368 -0.53571429 0.00000000 0.23076923 0.75000000 -0.89754386 1.00000000 1.00000000 -0.79104478 -1.00000000 0.00000000 -0.92000000 -0.94092000 1.00000000
1.00000000 -0.51639098 -0.85428571 -1.00000000 1.00000000 0.75000000 -0.99719298 -1.00000000 -1.00000000 -1.00000000 -1.00000000 0.00000000 -0.87200000 -0.99998000 -1.00000000
1.00000000 -0.82195489 -0.97321429 0.00000000 0.53846154 -0.25000000 -0.85964912 1.00000000 1.00000000 -0.94029851 1.00000000 0.00000000 -0.92000000 -1.00000000 1.00000000
1.00000000 0.03518797 -0.75000000 0.00000000 -0.23076923 -0.25000000 -0.75438596 1.00000000 -1.00000000 -1.00000000 -1.00000000 -1.00000000 -0.77000000 -1.00000000 1.00000000
0.00000000 -0.44360902 -0.89285714 0.00000000 0.07692308 -0.25000000 -0.98245614 -1.00000000 -1.00000000 -1.00000000 1.00000000 0.00000000 -0.62800000 -0.99756000 -1.00000000
1.00000000 -0.74676692 -0.95821429 -1.00000000 -1.00000000 -1.00000000 -1.00000000 -1.00000000 -1.00000000 -1.00000000 -1.00000000 0.00000000 -0.90000000 -1.00000000 -1.00000000
1.00000000 -0.86466165 -0.98821429 0.00000000 -0.84615385 -0.25000000 -0.98245614 -1.00000000 -1.00000000 -1.00000000 1.00000000 -1.00000000 -0.72000000 -1.00000000 -1.00000000
0.00000000 -0.40090226 -0.97321429 0.00000000 0.84615385 -0.25000000 -0.97368421 -1.00000000 -1.00000000 -1.00000000 -1.00000000 0.00000000 -0.70000000 -0.99912000 1.00000000
1.00000000 -0.38857143 -0.53571429 0.00000000 -0.23076923 -0.25000000 -0.99122807 1.00000000 -1.00000000 -1.00000000 1.00000000 0.00000000 -0.55700000 -1.00000000 -1.00000000
0.00000000 -0.17052632 -0.92857143 0.00000000 -0.69230769 0.00000000 -0.84210526 1.00000000 -1.00000000 -1.00000000 1.00000000 0.00000000 -1.00000000 -0.99400000 1.00000000
1.00000000 -0.85473684 -0.26500000 0.00000000 -1.00000000 -1.00000000 -0.97087719 -1.00000000 -1.00000000 -1.00000000 -1.00000000 0.00000000 -0.92000000 -1.00000000 -1.00000000
1.00000000 -0.46375940 -0.94642857 -1.00000000 -0.23076923 -0.25000000 -0.75438596 -1.00000000 -1.00000000 -1.00000000 1.00000000 0.00000000 -0.68000000 -1.00000000 -1.00000000
1.00000000 -0.92240602 -0.70821429 0.00000000 -0.69230769 0.75000000 -0.97087719 -1.00000000 -1.00000000 -1.00000000 1.00000000 0.00000000 -0.88000000 -1.00000000 -1.00000000
0.00000000 -0.87458647 -0.27071429 0.00000000 -1.00000000 -1.00000000 -1.00000000 -1.00000000 -1.00000000 -1.00000000 -1.00000000 0.00000000 -1.00000000 -0.99900000 -1.00000000
1.00000000 -0.32090226 -0.72928571 0.00000000 0.23076923 -0.25000000 -0.91824561 1.00000000 -1.00000000 -1.00000000 1.00000000 0.00000000 -0.80000000 -1.00000000 -1.00000000
1.00000000 -0.48872180 -0.88678571 0.00000000 -0.84615385 -0.25000000 -0.95894737 -1.00000000 -1.00000000 -1.00000000 1.00000000 -1.00000000 -1.00000000 -1.00000000 -1.00000000
0.00000000 -0.39338346 -0.88678571 -1.00000000 -1.00000000 -1.00000000 -1.00000000 1.00000000 -1.00000000 -1.00000000 -1.00000000 0.00000000 -0.68000000 -1.00000000 -1.00000000
1.00000000 -0.35578947 -0.67857143 0.00000000 1.00000000 0.75000000 -0.59649123 -1.00000000 -1.00000000 -1.00000000 1.00000000 -1.00000000 -0.28900000 -1.00000000 1.00000000
1.00000000 -0.32571429 -0.60714286 0.00000000 -0.69230769 0.00000000 -0.64912281 -1.00000000 -1.00000000 -1.00000000 -1.00000000 0.00000000 -0.79000000 -0.98626000 -1.00000000
1.00000000 -0.12030075 -0.97928571 -1.00000000 0.84615385 0.75000000 -0.87719298 1.00000000 1.00000000 -0.76119403 -1.00000000 0.00000000 -0.90000000 -0.99250000 1.00000000
1.00000000 -0.74947368 -0.94071429 0.00000000 0.07692308 0.75000000 -0.84807018 -1.00000000 -1.00000000 -1.00000000 1.00000000 0.00000000 -0.87200000 -1.00000000 1.00000000
1.00000000 -0.28812030 -0.85428571 0.00000000 0.23076923 -0.25000000 -0.99719298 1.00000000 -1.00000000 -1.00000000 1.00000000 0.00000000 -0.60000000 -0.88400000 1.00000000
1.00000000 -0.79939850 -1.00000000 0.00000000 0.07692308 -0.25000000 -1.00000000 -1.00000000 -1.00000000 -1.00000000 -1.00000000 1.00000000 -0.81600000 -1.00000000 -1.00000000
0.00000000 -0.33082707 -0.92857143 0.00000000 0.07692308 -0.25000000 -0.85964912 1.00000000 1.00000000 -0.67164179 -1.00000000 0.00000000 -1.00000000 -0.99088000 1.00000000
1.00000000 -0.58406015 -0.85428571 -1.00000000 -0.23076923 -0.25000000 -0.85964912 1.00000000 1.00000000 -0.91044776 1.00000000 0.00000000 -0.63000000 -0.98880000 1.00000000
1.00000000 -0.89984962 -0.99392857 -1.00000000 0.07692308 -0.25000000 -0.99719298 -1.00000000 -1.00000000 -1.00000000 -1.00000000 0.00000000 -0.86000000 -0.98556000 -1.00000000
1.00000000 -0.46406015 -0.99714286 -1.00000000 -0.84615385 -0.25000000 -0.70175439 -1.00000000 -1.00000000 -1.00000000 1.00000000 0.00000000 -0.54000000 -1.00000000 -1.00000000
0.00000000 -0.90466165 -0.96428571 0.00000000 -0.69230769 -0.25000000 -0.98842105 -1.00000000 1.00000000 -0.82089552 1.00000000 0.00000000 -0.76000000 -0.99930000 -1.00000000
1.00000000 -0.19308271 -0.89285714 0.00000000 -0.69230769 0.00000000 -1.00000000 -1.00000000 -1.00000000 -1.00000000 -1.00000000 -1.00000000 -0.70000000 -1.00000000 -1.00000000
1.00000000 -0.90466165 -0.97607143 -1.00000000 -0.53846154 -0.25000000 -0.97964912 -1.00000000 -1.00000000 -1.00000000 -1.00000000 -1.00000000 -0.80000000 -1.00000000 -1.00000000
0.00000000 -0.73924812 -0.59535714 0.00000000 0.53846154 -0.25000000 -0.81859649 1.00000000 1.00000000 -0.79104478 -1.00000000 0.00000000 -0.87100000 -0.93486000 1.00000000
1.00000000 -0.44120301 -0.75000000 0.00000000 -0.53846154 -0.25000000 -0.96491228 -1.00000000 -1.00000000 -1.00000000 1.00000000 0.00000000 -0.76800000 -1.00000000 -1.00000000
0.00000000 -0.30827068 -0.66357143 0.00000000 -1.00000000 -1.00000000 -1.00000000 -1.00000000 -1.00000000 -1.00000000 -1.00000000 0.00000000 -0.84000000 -1.00000000 -1.00000000
1.00000000 -0.14796992 -0.92571429 0.00000000 0.23076923 -0.25000000 -0.64912281 1.00000000 1.00000000 -0.82089552 1.00000000 0.00000000 -0.50000000 -0.80000000 1.00000000
1.00000000 -0.77684211 -1.00000000 0.00000000 0.07692308 -0.25000000 -0.96491228 -1.00000000 -1.00000000 -1.00000000 1.00000000 -1.00000000 -1.00000000 -1.00000000 -1.00000000
0.00000000 -0.61654135 -0.80642857 -1.00000000 0.07692308 -0.25000000 -0.99403509 -1.00000000 -1.00000000 -1.00000000 -1.00000000 -1.00000000 -0.92000000 -1.00000000 -1.00000000
0.00000000 -0.85954887 -0.33928571 0.00000000 0.53846154 -0.25000000 -0.91508772 1.00000000 1.00000000 -0.88059701 -1.00000000 0.00000000 -0.94000000 -0.98920000 1.00000000
1.00000000 -0.73172932 -0.81857143 -1.00000000 0.07692308 0.75000000 -0.81859649 1.00000000 -1.00000000 -1.00000000 -1.00000000 0.00000000 -1.00000000 -1.00000000 1.00000000
0.00000000 -0.58135338 -0.89285714 0.00000000 -0.07692308 -0.25000000 -0.85964912 1.00000000 -1.00000000 -1.00000000 -1.00000000 -1.00000000 -0.63200000 -1.00000000 -1.00000000
1.00000000 -0.39097744 -0.60714286 -1.00000000 0.07692308 -0.25000000 -0.89473684 -1.00000000 -1.00000000 -1.00000000 1.00000000 0.00000000 -0.94000000 -1.00000000 -1.00000000
1.00000000 -0.83218045 -0.32142857 0.00000000 0.53846154 -0.25000000 -0.92982456 1.00000000 -1.00000000 -1.00000000 1.00000000 0.00000000 -0.94000000 -0.99200000 1.00000000
0.00000000 -0.80210526 -0.28571429 0.00000000 0.07692308 0.75000000 -0.92982456 1.00000000 1.00000000 -0.88059701 -1.00000000 0.00000000 -0.95000000 -0.97070000 1.00000000
1.00000000 -0.80691729 -0.59821429 0.00000000 0.23076923 -0.25000000 -0.88000000 1.00000000 -1.00000000 -1.00000000 -1.00000000 -1.00000000 -0.88000000 -1.00000000 1.00000000
0.00000000 -0.52631579 -0.96714286 0.00000000 -0.53846154 -0.25000000 -0.96210526 1.00000000 1.00000000 -0.88059701 -1.00000000 0.00000000 -0.62000000 -0.99000000 1.00000000
1.00000000 -0.75699248 -0.98214286 0.00000000 -0.84615385 0.75000000 -0.95333333 1.00000000 -1.00000000 -1.00000000 1.00000000 0.00000000 -1.00000000 -1.00000000 1.00000000
0.00000000 -0.27819549 -0.60714286 0.00000000 0.53846154 -0.25000000 -0.99122807 1.00000000 -1.00000000 -1.00000000 1.00000000 0.00000000 -0.77200000 -1.00000000 1.00000000
1.00000000 -0.44360902 0.00000000 -1.00000000 -1.00000000 -1.00000000 -1.00000000 -1.00000000 1.00000000 -0.94029851 -1.00000000 0.00000000 -0.84000000 -0.99998000 -1.00000000
1.00000000 -0.31067669 -0.68464286 -1.00000000 -0.53846154 -0.25000000 -0.98245614 1.00000000 1.00000000 -0.70149254 1.00000000 0.00000000 -0.68000000 -1.00000000 1.00000000
1.00000000 -0.28571429 -0.91964286 -1.00000000 -0.84615385 -0.25000000 -0.89473684 -1.00000000 -1.00000000 -1.00000000 1.00000000 0.00000000 -0.56900000 -1.00000000 1.00000000
0.00000000 -0.71428571 -0.58035714 0.00000000 0.53846154 -0.25000000 -0.77754386 1.00000000 1.00000000 -0.70149254 -1.00000000 0.00000000 -0.88000000 -0.99510000 1.00000000
1.00000000 0.00511278 -0.58321429 0.00000000 0.23076923 -0.25000000 -0.61403509 -1.00000000 -1.00000000 -1.00000000 -1.00000000 0.00000000 -0.53500000 -0.99700000 -1.00000000
0.00000000 0.06015038 -0.89285714 0.00000000 -0.38461538 -0.50000000 -1.00000000 1.00000000 -1.00000000 -1.00000000 1.00000000 0.00000000 -0.90000000 -0.99946000 -1.00000000
1.00000000 -0.76691729 -0.30357143 0.00000000 0.07692308 -0.25000000 -0.98245614 1.00000000 -1.00000000 -1.00000000 -1.00000000 0.00000000 -0.86000000 -1.00000000 -1.00000000
0.00000000 -0.46406015 -0.19642857 0.00000000 -1.00000000 -1.00000000 -1.00000000 -1.00000000 -1.00000000 -1.00000000 -1.00000000 0.00000000 -0.81600000 -0.89600000 -1.00000000
0.00000000 -0.69924812 -0.94928571 0.00000000 0.23076923 -0.25000000 -0.98245614 -1.00000000 1.00000000 -0.97014925 1.00000000 0.00000000 -0.76000000 -0.99992000 -1.00000000
0.00000000 -0.89233083 -0.32142857 0.00000000 -0.23076923 -0.25000000 -0.87719298 -1.00000000 1.00000000 -0.70149254 1.00000000 0.00000000 -1.00000000 -0.99980000 -1.00000000
1.00000000 -0.75699248 -0.89000000 0.00000000 -0.53846154 -0.25000000 -0.99403509 -1.00000000 -1.00000000 -1.00000000 1.00000000 0.00000000 -0.64400000 -1.00000000 -1.00000000
1.00000000 -0.34345865 -0.94642857 0.00000000 -0.53846154 -0.25000000 -0.89473684 -1.00000000 -1.00000000 -1.00000000 1.00000000 0.00000000 -0.76900000 -1.00000000 -1.00000000
1.00000000 -0.37593985 -0.71142857 -1.00000000 -0.69230769 0.00000000 -0.40350877 1.00000000 1.00000000 -0.79104478 1.00000000 0.00000000 -0.80500000 -1.00000000 1.00000000
0.00000000 -0.66676692 -0.67857143 0.00000000 0.23076923 -0.25000000 -0.92982456 -1.00000000 -1.00000000 -1.00000000 1.00000000 0.00000000 -0.64000000 -0.99988000 -1.00000000
1.00000000 -0.57894737 -0.90785714 0.00000000 -0.53846154 0.75000000 -0.98245614 -1.00000000 -1.00000000 -1.00000000 1.00000000 -1.00000000 -0.86000000 -1.00000000 -1.00000000
0.00000000 -0.18556391 -0.28571429 0.00000000 0.53846154 0.75000000 -0.87719298 1.00000000 -1.00000000 -1.00000000 -1.00000000 0.00000000 -0.97100000 -0.98326000 1.00000000
1.00000000 -0.28571429 -0.87500000 -1.00000000 0.07692308 0.00000000 -0.98245614 1.00000000 -1.00000000 -1.00000000 1.00000000 0.00000000 -0.83600000 -0.99200000 -1.00000000
1.00000000 -0.25804511 -0.94964286 0.00000000 0.07692308 -0.25000000 -0.97368421 -1.00000000 1.00000000 -0.94029851 -1.00000000 0.00000000 -0.77500000 -0.99000000 -1.00000000
1.00000000 -0.11518797 -0.83928571 0.00000000 -0.69230769 0.00000000 -0.94736842 1.00000000 -1.00000000 -1.00000000 -1.00000000 0.00000000 -0.44000000 -1.00000000 -1.00000000
1.00000000 -0.46406015 -0.71428571 -1.00000000 -0.69230769 -0.25000000 -0.99403509 -1.00000000 -1.00000000 -1.00000000 1.00000000 0.00000000 -0.58900000 -1.00000000 -1.00000000
1.00000000 0.04511278 -0.69642857 0.00000000 -0.07692308 -0.25000000 -0.99122807 1.00000000 -1.00000000 -1.00000000 1.00000000 0.00000000 -0.77500000 -1.00000000 1.00000000
1.00000000 0.02015038 -0.97928571 0.00000000 0.07692308 0.00000000 0.05263158 1.00000000 1.00000000 -0.40298507 -1.00000000 0.00000000 -1.00000000 -0.70000000 1.00000000
1.00000000 -0.21563910 -0.96428571 0.00000000 -0.07692308 -0.25000000 -0.98245614 1.00000000 -1.00000000 -1.00000000 -1.00000000 -1.00000000 -0.71200000 -1.00000000 -1.00000000
1.00000000 -0.74676692 -0.13392857 0.00000000 0.07692308 -0.25000000 -0.76596491 -1.00000000 1.00000000 -0.94029851 1.00000000 0.00000000 -0.82000000 -0.99654000 -1.00000000
1.00000000 0.31338346 -0.39285714 0.00000000 0.38461538 0.75000000 -0.50877193 1.00000000 1.00000000 -0.91044776 -1.00000000 0.00000000 -1.00000000 -1.00000000 1.00000000
1.00000000 -0.73443609 -0.89285714 -1.00000000 -0.23076923 -0.25000000 -0.96210526 -1.00000000 -1.00000000 -1.00000000 1.00000000 0.00000000 -0.88000000 -0.99866000 -1.00000000
0.00000000 -0.59157895 -0.88107143 0.00000000 -1.00000000 -1.00000000 -1.00000000 -1.00000000 -1.00000000 -1.00000000 -1.00000000 0.00000000 -0.66000000 -0.99998000 -1.00000000
1.00000000 -0.46406015 -0.97321429 0.00000000 -0.84615385 -0.25000000 -0.93859649 1.00000000 -1.00000000 -1.00000000 1.00000000 -1.00000000 -0.07200000 -1.00000000 -1.00000000
1.00000000 -0.60150376 -0.94642857 0.00000000 0.07692308 0.75000000 -0.70175439 1.00000000 1.00000000 -0.91044776 1.00000000 0.00000000 -0.68800000 -0.99700000 1.00000000
1.00000000 -0.25052632 -0.98500000 0.00000000 -0.53846154 -0.25000000 -0.99403509 1.00000000 -1.00000000 -1.00000000 1.00000000 0.00000000 -0.72000000 -1.00000000 1.00000000
1.00000000 -0.71939850 -0.17857143 0.00000000 0.23076923 0.75000000 -0.85087719 1.00000000 1.00000000 -0.67164179 1.00000000 0.00000000 -0.71000000 -0.99432000 1.00000000
0.00000000 -0.88210526 -1.00000000 -1.00000000 -0.38461538 -1.00000000 -1.00000000 -1.00000000 -1.00000000 -1.00000000 -1.00000000 0.00000000 -0.91400000 -1.00000000 -1.00000000
0.00000000 -0.73684211 -0.21428571 -1.00000000 0.53846154 -0.25000000 -0.78947368 1.00000000 -1.00000000 -1.00000000 1.00000000 0.00000000 -0.73200000 -1.00000000 -1.00000000
1.00000000 -0.26315789 -0.27678571 -1.00000000 -0.53846154 -0.25000000 -0.99122807 -1.00000000 -1.00000000 -1.00000000 -1.00000000 0.00000000 -0.84000000 -1.00000000 -1.00000000
0.00000000 -0.67669173 -0.96428571 0.00000000 0.53846154 0.75000000 -0.89473684 1.00000000 -1.00000000 -1.00000000 -1.00000000 0.00000000 -0.72000000 -0.98352000 1.00000000
0.00000000 -0.62917293 -0.38107143 0.00000000 -0.23076923 -0.25000000 -0.90070175 1.00000000 -1.00000000 -1.00000000 -1.00000000 0.00000000 -0.84000000 -0.99700000 1.00000000
1.00000000 -0.38586466 -0.34500000 0.00000000 0.07692308 -0.25000000 -0.68421053 1.00000000 1.00000000 -0.64179104 1.00000000 0.00000000 -1.00000000 -0.99558000 1.00000000
1.00000000 -0.79187970 -0.62214286 0.00000000 0.53846154 -0.25000000 -0.97368421 1.00000000 1.00000000 -0.97014925 -1.00000000 0.00000000 -0.84000000 -1.00000000 -1.00000000
1.00000000 0.32571429 -0.49714286 0.00000000 -0.07692308 -0.25000000 -0.01754386 1.00000000 1.00000000 -0.82089552 1.00000000 0.00000000 -0.64000000 -0.97336000 1.00000000
1.00000000 -0.71669173 -0.20535714 0.00000000 1.00000000 0.75000000 -0.96771930 1.00000000 1.00000000 -0.97014925 -1.00000000 0.00000000 -0.90000000 -1.00000000 1.00000000
0.00000000 -0.70676692 -0.89285714 0.00000000 0.23076923 -0.25000000 -0.93859649 -1.00000000 -1.00000000 -1.00000000 1.00000000 0.00000000 -0.84000000 -1.00000000 -1.00000000
1.00000000 -0.52631579 -0.95857143 0.00000000 0.23076923 -0.25000000 -0.97964912 -1.00000000 1.00000000 -0.97014925 -1.00000000 0.00000000 -0.66000000 -0.94394000 -1.00000000
1.00000000 0.04751880 -0.98535714 -1.00000000 -0.53846154 -0.25000000 -0.98245614 1.00000000 1.00000000 -0.67164179 -1.00000000 0.00000000 -0.62000000 -0.94536000 1.00000000
1.00000000 -0.54887218 -0.89285714 -1.00000000 0.07692308 -0.25000000 -0.89473684 1.00000000 -1.00000000 -1.00000000 1.00000000 0.00000000 -1.00000000 -0.99550000 -1.00000000
0.00000000 -0.05022556 -0.92857143 0.00000000 0.53846154 -0.25000000 -0.99122807 -1.00000000 -1.00000000 -1.00000000 1.00000000 0.00000000 -0.73700000 -1.00000000 -1.00000000
1.00000000 -0.56390977 -0.64000000 -1.00000000 0.07692308 0.00000000 -0.89473684 1.00000000 1.00000000 -0.76119403 1.00000000 0.00000000 -0.85600000 -0.99986000 1.00000000
1.00000000 -0.52120301 -0.94642857 -1.00000000 0.07692308 -0.25000000 -0.99719298 -1.00000000 -1.00000000 -1.00000000 -1.00000000 0.00000000 -0.76000000 -1.00000000 -1.00000000
0.00000000 -0.55398496 -0.73214286 0.00000000 0.07692308 -0.25000000 -0.98245614 -1.00000000 1.00000000 -0.97014925 1.00000000 0.00000000 -0.96000000 -0.99692000 -1.00000000
1.00000000 -0.14526316 -0.64000000 0.00000000 0.53846154 0.75000000 -0.10526316 1.00000000 -1.00000000 -1.00000000 1.00000000 0.00000000 -0.90800000 -1.00000000 1.00000000
1.00000000 -0.21293233 -0.96142857 -1.00000000 -0.23076923 -0.25000000 -0.96491228 1.00000000 1.00000000 -0.91044776 -1.00000000 0.00000000 -0.80000000 -0.98000000 1.00000000
0.00000000 -0.26075188 -0.68464286 0.00000000 0.07692308 -0.25000000 -0.99122807 -1.00000000 -1.00000000 -1.00000000 -1.00000000 0.00000000 -0.84000000 -1.00000000 -1.00000000
1.00000000 -0.83699248 -0.32142857 0.00000000 0.23076923 -0.25000000 -0.89473684 1.00000000 -1.00000000 -1.00000000 -1.00000000 0.00000000 -0.88000000 -0.95588000 1.00000000
0.00000000 -0.52631579 -0.92250000 -1.00000000 1.00000000 -0.25000000 -0.92982456 -1.00000000 -1.00000000 -1.00000000 -1.00000000 0.00000000 -0.72000000 -0.99974000 -1.00000000
0.00000000 -0.93984962 -0.97321429 0.00000000 0.07692308 -0.25000000 -0.92982456 -1.00000000 -1.00000000 -1.00000000 -1.00000000 0.00000000 -0.88000000 -0.99964000 -1.00000000
1.00000000 -0.57142857 -0.78571429 0.00000000 0.23076923 -0.25000000 -0.94736842 -1.00000000 -1.00000000 -1.00000000 1.00000000 0.00000000 -0.70000000 -0.99866000 -1.00000000
1.00000000 -0.88721805 0.57142857 1.00000000 -1.00000000 0.50000000 -1.00000000 -1.00000000 -1.00000000 -1.00000000 1.00000000 1.00000000 -0.55000000 1.00000000 1.00000000
0.00000000 -0.66917293 -0.78571429 0.00000000 0.53846154 0.75000000 -0.87122807 1.00000000 1.00000000 -0.43283582 -1.00000000 0.00000000 -1.00000000 -0.99000000 1.00000000
0.00000000 -0.20060150 -0.46142857 -1.00000000 0.53846154 0.75000000 -0.43859649 1.00000000 1.00000000 -0.58208955 -1.00000000 0.00000000 -1.00000000 -0.95400000 1.00000000
0.00000000 0.30315789 -0.97607143 0.00000000 -0.69230769 0.00000000 -0.92982456 1.00000000 -1.00000000 -1.00000000 1.00000000 0.00000000 -0.74800000 -0.95606000 -1.00000000
1.00000000 -0.38857143 -0.82142857 0.00000000 0.07692308 -0.25000000 -0.92982456 -1.00000000 -1.00000000 -1.00000000 -1.00000000 0.00000000 -0.54000000 -0.99968000 -1.00000000
1.00000000 0.26827068 -0.17857143 0.00000000 -1.00000000 -1.00000000 -0.64912281 1.00000000 1.00000000 -0.85074627 -1.00000000 0.00000000 -1.00000000 -0.82298000 1.00000000
1.00000000 -0.87218045 -0.98821429 0.00000000 0.53846154 0.50000000 -0.98526316 -1.00000000 -1.00000000 -1.00000000 -1.00000000 0.00000000 -0.80000000 -0.99920000 1.00000000
1.00000000 -0.77684211 -0.98214286 -1.00000000 0.07692308 0.75000000 -0.98245614 -1.00000000 -1.00000000 -1.00000000 -1.00000000 0.00000000 -0.72000000 -0.99592000 -1.00000000
0.00000000 -0.82706767 -0.98821429 0.00000000 0.53846154 -0.25000000 -0.99719298 -1.00000000 -1.00000000 -1.00000000 1.00000000 0.00000000 -0.62000000 -1.00000000 -1.00000000
0.00000000 -0.06015038 -0.67250000 0.00000000 -0.53846154 0.75000000 -0.92982456 -1.00000000 -1.00000000 -1.00000000 1.00000000 -1.00000000 -0.76000000 -1.00000000 -1.00000000
1.00000000 -0.32571429 -0.97000000 -1.00000000 0.23076923 -0.25000000 -0.97964912 -1.00000000 -1.00000000 -1.00000000 1.00000000 0.00000000 -0.69100000 -0.99996000 -1.00000000
0.00000000 -0.84451128 -0.35714286 0.00000000 -0.23076923 -0.25000000 -0.94736842 1.00000000 1.00000000 -0.94029851 -1.00000000 0.00000000 -0.91200000 -0.98818000 1.00000000
1.00000000 -0.13533835 -0.64892857 -1.00000000 0.23076923 -0.25000000 -0.77789474 1.00000000 -1.00000000 -1.00000000 1.00000000 0.00000000 -0.94800000 -0.97116000 1.00000000
1.00000000 -0.22556391 -0.69642857 0.00000000 0.07692308 0.00000000 -0.54385965 1.00000000 1.00000000 -0.52238806 -1.00000000 0.00000000 -0.88300000 -0.97580000 1.00000000
1.00000000 -0.56390977 -0.93750000 0.00000000 -0.07692308 -0.25000000 -0.93263158 1.00000000 1.00000000 -0.91044776 1.00000000 0.00000000 -0.60400000 -1.00000000 1.00000000
1.00000000 -0.72180451 -0.94642857 0.00000000 -0.07692308 -0.25000000 -0.96491228 -1.00000000 -1.00000000 -1.00000000 1.00000000 -1.00000000 -0.68000000 -1.00000000 -1.00000000
1.00000000 -0.35578947 0.79464286 0.00000000 1.00000000 0.75000000 -0.88596491 1.00000000 1.00000000 -0.97014925 1.00000000 0.00000000 -0.48500000 -0.99000000 1.00000000
1.00000000 -0.51639098 -0.91071429 -1.00000000 -0.53846154 -0.25000000 -0.98245614 -1.00000000 -1.00000000 -1.00000000 -1.00000000 0.00000000 -0.77600000 -1.00000000 -1.00000000
0.00000000 -0.66917293 -0.02392857 0.00000000 0.53846154 0.75000000 -0.89473684 -1.00000000 -1.00000000 -1.00000000 -1.00000000 0.00000000 -0.72000000 -0.99998000 -1.00000000
1.00000000 -0.85954887 -0.25607143 -1.00000000 -0.23076923 -0.25000000 -0.99122807 1.00000000 -1.00000000 -1.00000000 -1.00000000 0.00000000 -0.88000000 -0.99250000 -1.00000000
0.00000000 -0.93233083 -0.98821429 0.00000000 -0.23076923 -0.25000000 -0.92982456 -1.00000000 1.00000000 -0.94029851 1.00000000 0.00000000 -0.68000000 -0.99998000 -1.00000000
1.00000000 -0.77954887 -0.70535714 -1.00000000 -0.69230769 0.75000000 -0.99719298 -1.00000000 -1.00000000 -1.00000000 -1.00000000 0.00000000 -0.86000000 -0.99800000 -1.00000000
1.00000000 -0.88962406 -0.53571429 0.00000000 -0.69230769 -0.25000000 -0.99122807 -1.00000000 -1.00000000 -1.00000000 -1.00000000 0.00000000 -0.94000000 -0.99800000 -1.00000000
0.00000000 -0.41353383 -0.82142857 -1.00000000 0.07692308 -0.25000000 -0.82456140 -1.00000000 -1.00000000 -1.00000000 1.00000000 0.00000000 -1.00000000 -0.99996000 -1.00000000
1.00000000 -0.11789474 -0.97321429 -1.00000000 0.07692308 -0.25000000 -0.97368421 1.00000000 1.00000000 -0.76119403 1.00000000 0.00000000 -0.70000000 -0.99676000 1.00000000
0.00000000 -0.73684211 -0.39285714 0.00000000 0.53846154 -0.25000000 -0.87719298 1.00000000 1.00000000 -0.70149254 -1.00000000 0.00000000 -0.92000000 -0.98020000 -1.00000000
1.00000000 0.07759398 0.35714286 0.00000000 -1.00000000 -1.00000000 -1.00000000 1.00000000 1.00000000 -0.97014925 -1.00000000 0.00000000 -0.90600000 -1.00000000 -1.00000000
1.00000000 -0.68932331 -0.93750000 0.00000000 -0.07692308 -0.25000000 -0.99403509 -1.00000000 1.00000000 -0.88059701 -1.00000000 0.00000000 -0.74600000 -0.96100000 -1.00000000
1.00000000 -0.51368421 -0.86892857 0.00000000 0.07692308 0.75000000 -0.69578947 1.00000000 -1.00000000 -1.00000000 -1.00000000 0.00000000 -0.74000000 -0.99600000 1.00000000
1.00000000 -0.15278195 -0.97000000 0.00000000 0.07692308 0.75000000 -0.98526316 1.00000000 1.00000000 -0.82089552 -1.00000000 0.00000000 -0.78000000 -0.98104000 1.00000000
1.00000000 -0.15789474 -0.93142857 0.00000000 1.00000000 -0.25000000 -0.82456140 1.00000000 -1.00000000 -1.00000000 -1.00000000 0.00000000 -0.49000000 -0.98800000 1.00000000
1.00000000 -0.57654135 -0.89285714 0.00000000 0.23076923 -0.25000000 -0.84210526 -1.00000000 1.00000000 -0.97014925 1.00000000 0.00000000 -0.90000000 -0.99994000 -1.00000000
1.00000000 0.05263158 -0.39285714 0.00000000 0.07692308 0.75000000 -0.12280702 1.00000000 1.00000000 -0.73134328 -1.00000000 0.00000000 -0.81900000 -0.96690000 1.00000000
0.00000000 0.15548872 -1.00000000 -1.00000000 -1.00000000 -1.00000000 -1.00000000 -1.00000000 -1.00000000 -1.00000000 -1.00000000 0.00000000 -1.00000000 -1.00000000 -1.00000000
0.00000000 -0.74436090 -0.91071429 -1.00000000 -1.00000000 -1.00000000 -0.77192982 -1.00000000 -1.00000000 -1.00000000 -1.00000000 0.00000000 -0.72000000 -1.00000000 -1.00000000
1.00000000 -0.64150376 -0.97928571 -1.00000000 0.07692308 -0.25000000 -0.89473684 -1.00000000 -1.00000000 -1.00000000 1.00000000 0.00000000 -0.84000000 -1.00000000 -1.00000000
1.00000000 -0.73172932 -0.25000000 0.00000000 0.53846154 0.75000000 -0.90631579 1.00000000 -1.00000000 -1.00000000 -1.00000000 0.00000000 -0.90000000 -1.00000000 1.00000000
1.00000000 0.07518797 -0.45821429 0.00000000 -0.69230769 0.00000000 -0.46771930 1.00000000 1.00000000 -0.55223881 1.00000000 0.00000000 -1.00000000 -0.90000000 1.00000000
1.00000000 -0.63157895 -0.92857143 0.00000000 0.53846154 -0.25000000 -0.87719298 1.00000000 -1.00000000 -1.00000000 1.00000000 0.00000000 -0.72000000 -1.00000000 1.00000000
1.00000000 -0.23548872 -0.88392857 0.00000000 0.07692308 -0.25000000 -0.89473684 1.00000000 1.00000000 -0.70149254 -1.00000000 0.00000000 -0.81400000 -0.90600000 1.00000000
1.00000000 -0.62646617 -0.98214286 0.00000000 -0.69230769 0.00000000 -1.00000000 1.00000000 -1.00000000 -1.00000000 1.00000000 0.00000000 -1.00000000 -1.00000000 1.00000000
0.00000000 -0.84962406 -0.46428571 0.00000000 0.53846154 -0.25000000 -0.80982456 1.00000000 1.00000000 -0.85074627 -1.00000000 0.00000000 -0.81600000 -0.46548000 1.00000000
0.00000000 -0.83699248 -0.38678571 0.00000000 0.84615385 0.75000000 -0.94736842 1.00000000 1.00000000 -0.79104478 -1.00000000 0.00000000 -0.90400000 -1.00000000 1.00000000
1.00000000 -0.74947368 -0.83321429 0.00000000 -0.53846154 -0.25000000 -0.94736842 -1.00000000 -1.00000000 -1.00000000 -1.00000000 0.00000000 -0.82000000 -1.00000000 -1.00000000
1.00000000 0.00992481 -0.53571429 0.00000000 0.07692308 -0.25000000 -0.92982456 -1.00000000 -1.00000000 -1.00000000 1.00000000 0.00000000 -1.00000000 -0.99544000 -1.00000000
1.00000000 -0.58406015 -0.76785714 -1.00000000 0.53846154 0.75000000 -0.64315789 -1.00000000 1.00000000 -0.94029851 1.00000000 0.00000000 -0.63100000 -0.99998000 -1.00000000
0.00000000 0.54646617 0.00000000 0.00000000 -1.00000000 -1.00000000 -1.00000000 1.00000000 1.00000000 -0.67164179 1.00000000 0.00000000 -1.00000000 -0.97200000 1.00000000
1.00000000 -0.73172932 -0.94642857 0.00000000 -0.69230769 -0.25000000 -0.88877193 -1.00000000 1.00000000 -0.97014925 1.00000000 0.00000000 -0.60000000 -0.99982000 -1.00000000
1.00000000 -0.40090226 -0.91071429 0.00000000 0.23076923 -0.25000000 -0.91824561 -1.00000000 -1.00000000 -1.00000000 -1.00000000 0.00000000 -0.88000000 -1.00000000 -1.00000000
0.00000000 -0.72180451 -0.86892857 0.00000000 -0.38461538 -0.50000000 -1.00000000 -1.00000000 1.00000000 -0.97014925 -1.00000000 0.00000000 -0.80000000 -0.99894000 -1.00000000
1.00000000 -0.72421053 -0.77392857 -1.00000000 0.07692308 -0.25000000 -0.98842105 -1.00000000 -1.00000000 -1.00000000 -1.00000000 0.00000000 -0.84000000 -0.97884000 -1.00000000
1.00000000 -0.82466165 -0.95821429 0.00000000 -1.00000000 -1.00000000 -1.00000000 -1.00000000 1.00000000 -0.91044776 -1.00000000 0.00000000 -0.65000000 -0.98462000 -1.00000000
0.00000000 -0.87458647 -0.96142857 0.00000000 0.07692308 -0.25000000 -0.87719298 -1.00000000 1.00000000 -0.97014925 1.00000000 0.00000000 -0.92000000 -0.99990000 -1.00000000
1.00000000 -0.48120301 -0.85107143 0.00000000 0.07692308 -0.25000000 -0.99403509 -1.00000000 -1.00000000 -1.00000000 -1.00000000 0.00000000 -0.70000000 -1.00000000 -1.00000000
1.00000000 -0.50616541 -0.92250000 -1.00000000 0.07692308 -0.25000000 -0.99719298 -1.00000000 -1.00000000 -1.00000000 -1.00000000 0.00000000 -0.83000000 -0.99642000 -1.00000000
1.00000000 -0.86706767 -0.82428571 0.00000000 0.07692308 0.50000000 -0.93263158 -1.00000000 1.00000000 -0.94029851 1.00000000 0.00000000 -0.84000000 -0.98826000 -1.00000000
1.00000000 -0.86225564 -0.91357143 -1.00000000 0.38461538 -0.75000000 -1.00000000 -1.00000000 -1.00000000 -1.00000000 -1.00000000 0.00000000 -0.90000000 -1.00000000 -1.00000000
1.00000000 -0.71939850 -0.17857143 0.00000000 -0.69230769 -0.25000000 -0.75438596 1.00000000 1.00000000 -0.73134328 -1.00000000 0.00000000 -0.94400000 -0.98516000 1.00000000
1.00000000 -0.44872180 -0.71428571 -1.00000000 0.84615385 -0.25000000 -0.89473684 -1.00000000 -1.00000000 -1.00000000 1.00000000 0.00000000 -0.88000000 -1.00000000 -1.00000000
1.00000000 -0.19308271 -0.76500000 0.00000000 -0.07692308 -0.25000000 -0.75438596 -1.00000000 -1.00000000 -1.00000000 1.00000000 -1.00000000 -0.60000000 -1.00000000 -1.00000000
0.00000000 0.51368421 -0.98821429 0.00000000 -1.00000000 -1.00000000 -1.00000000 1.00000000 1.00000000 -0.97014925 -1.00000000 0.00000000 -0.76800000 -0.99800000 1.00000000
0.00000000 -0.85473684 -0.28571429 0.00000000 -0.84615385 -0.25000000 -0.97087719 -1.00000000 -1.00000000 -1.00000000 -1.00000000 0.00000000 -0.92000000 -0.99916000 -1.00000000
0.00000000 -0.77443609 -0.83321429 0.00000000 -0.69230769 0.00000000 -0.96491228 1.00000000 1.00000000 -0.88059701 -1.00000000 -1.00000000 -0.92000000 -1.00000000 1.00000000
0.00000000 -0.73172932 -0.50000000 0.00000000 0.07692308 -0.25000000 -0.98842105 -1.00000000 -1.00000000 -1.00000000 -1.00000000 0.00000000 -0.84000000 -1.00000000 -1.00000000
1.00000000 -0.76180451 -0.91678571 -1.00000000 -0.53846154 -0.25000000 -0.82456140 1.00000000 1.00000000 -0.97014925 -1.00000000 0.00000000 -0.82000000 -0.99960000 -1.00000000
1.00000000 -0.64150376 -0.10714286 0.00000000 0.84615385 -0.25000000 -0.91508772 1.00000000 1.00000000 1.00000000 1.00000000 0.00000000 -0.86000000 -0.99484000 1.00000000
0.00000000 -0.52390977 -0.87500000 -1.00000000 -0.53846154 -0.25000000 -0.91228070 -1.00000000 -1.00000000 -1.00000000 1.00000000 0.00000000 -0.72000000 -1.00000000 -1.00000000
1.00000000 -0.63909774 -0.96428571 0.00000000 0.07692308 -0.25000000 -0.89754386 1.00000000 1.00000000 -0.85074627 1.00000000 0.00000000 -0.68800000 -1.00000000 1.00000000
1.00000000 -0.46105263 -0.94071429 0.00000000 1.00000000 -0.25000000 -0.90631579 1.00000000 1.00000000 -0.76119403 1.00000000 0.00000000 -0.69700000 -0.93420000 1.00000000
0.00000000 -0.86706767 -0.28571429 -1.00000000 0.53846154 0.75000000 -0.98842105 -1.00000000 -1.00000000 -1.00000000 -1.00000000 0.00000000 -0.66000000 -1.00000000 -1.00000000
1.00000000 -0.69413534 -0.95821429 -1.00000000 0.84615385 0.75000000 -0.99122807 -1.00000000 -1.00000000 -1.00000000 -1.00000000 0.00000000 -0.76000000 -0.99998000 -1.00000000
0.00000000 -0.14285714 -0.87500000 -1.00000000 0.07692308 -0.25000000 -1.00000000 -1.00000000 -1.00000000 -1.00000000 1.00000000 0.00000000 -0.85000000 -0.99998000 -1.00000000
0.00000000 -0.75939850 -0.87500000 -1.00000000 -0.38461538 -0.50000000 -1.00000000 -1.00000000 -1.00000000 -1.00000000 -1.00000000 0.00000000 -0.84000000 -1.00000000 -1.00000000
1.00000000 -0.85714286 -0.85714286 0.00000000 -0.69230769 -0.25000000 -0.89473684 1.00000000 1.00000000 -0.94029851 -1.00000000 0.00000000 -0.88000000 -0.99400000 1.00000000
0.00000000 -0.78947368 -0.31857143 0.00000000 -0.69230769 -0.25000000 -0.99719298 -1.00000000 -1.00000000 -1.00000000 -1.00000000 0.00000000 -0.80000000 -0.98000000 -1.00000000
0.00000000 -0.58887218 0.03571429 0.00000000 1.00000000 0.75000000 -0.78350877 1.00000000 1.00000000 -0.97014925 -1.00000000 0.00000000 -0.88000000 -0.99978000 1.00000000
0.00000000 -0.82466165 -0.95250000 -1.00000000 0.07692308 -0.25000000 -0.92982456 -1.00000000 1.00000000 -0.97014925 -1.00000000 0.00000000 1.00000000 -0.99996000 -1.00000000
1.00000000 -0.46857143 0.10714286 0.00000000 0.07692308 -0.25000000 -0.96491228 1.00000000 -1.00000000 -1.00000000 -1.00000000 0.00000000 -0.88000000 -1.00000000 -1.00000000
1.00000000 -0.41593985 -0.77392857 -1.00000000 1.00000000 -0.25000000 -0.77789474 1.00000000 1.00000000 -0.91044776 1.00000000 0.00000000 -0.62000000 -1.00000000 1.00000000
1.00000000 -0.36601504 -0.71428571 0.00000000 -0.84615385 0.00000000 -0.12280702 1.00000000 -1.00000000 -1.00000000 1.00000000 0.00000000 -0.81600000 -1.00000000 -1.00000000
1.00000000 -0.65172932 -0.95857143 0.00000000 0.07692308 -0.25000000 -0.97964912 1.00000000 1.00000000 -0.79104478 1.00000000 0.00000000 -0.90400000 -0.89752000 1.00000000
1.00000000 -0.57654135 -0.89285714 0.00000000 0.23076923 -0.25000000 -0.85964912 1.00000000 1.00000000 -0.67164179 1.00000000 0.00000000 -0.56600000 -0.99930000 1.00000000
1.00000000 -0.26556391 -0.27678571 0.00000000 1.00000000 -0.25000000 -0.82456140 1.00000000 1.00000000 -0.82089552 -1.00000000 0.00000000 -0.48000000 -0.99608000 1.00000000
0.00000000 0.09774436 -0.94035714 0.00000000 -0.23076923 -0.25000000 -0.96491228 -1.00000000 -1.00000000 -1.00000000 1.00000000 0.00000000 -0.76000000 -0.99766000 -1.00000000
1.00000000 -0.70917293 -0.92857143 0.00000000 0.07692308 -0.25000000 -0.96491228 -1.00000000 -1.00000000 -1.00000000 1.00000000 -1.00000000 -0.72000000 -1.00000000 -1.00000000
1.00000000 0.39338346 0.03571429 0.00000000 -1.00000000 -1.00000000 0.26315789 1.00000000 1.00000000 -0.55223881 1.00000000 0.00000000 -1.00000000 -0.98000000 1.00000000
1.00000000 -0.46406015 -0.95535714 0.00000000 -0.53846154 -0.25000000 -0.98245614 -1.00000000 -1.00000000 -1.00000000 -1.00000000 0.00000000 -0.62000000 -0.95980000 -1.00000000
1.00000000 -0.83699248 -0.71428571 -1.00000000 -0.69230769 -0.25000000 -0.92982456 -1.00000000 -1.00000000 -1.00000000 1.00000000 0.00000000 -0.64000000 -0.98000000 -1.00000000
1.00000000 0.47368421 -0.50000000 0.00000000 0.38461538 1.00000000 -1.00000000 -1.00000000 -1.00000000 -1.00000000 -1.00000000 0.00000000 -1.00000000 -0.99976000 -1.00000000
1.00000000 -0.37082707 -0.92285714 0.00000000 -0.07692308 -0.25000000 -0.91824561 -1.00000000 -1.00000000 -1.00000000 -1.00000000 -1.00000000 -0.97200000 -1.00000000 -1.00000000
1.00000000 0.16300752 -0.89285714 0.00000000 -0.84615385 -0.25000000 -0.73684211 -1.00000000 -1.00000000 -1.00000000 1.00000000 0.00000000 -1.00000000 -0.99300000 -1.00000000
1.00000000 -0.83218045 -0.22035714 0.00000000 0.07692308 0.00000000 -0.95894737 -1.00000000 1.00000000 -0.94029851 1.00000000 0.00000000 -0.80000000 -0.99986000 -1.00000000
1.00000000 -0.44360902 -0.98821429 -1.00000000 0.07692308 0.75000000 -0.77192982 1.00000000 1.00000000 -0.97014925 1.00000000 0.00000000 -0.56800000 -0.84000000 1.00000000
0.00000000 -0.78947368 -0.26178571 0.00000000 0.84615385 0.75000000 -0.97649123 1.00000000 1.00000000 -0.97014925 1.00000000 0.00000000 -0.92000000 -0.99900000 1.00000000
0.00000000 -0.75939850 -0.16071429 0.00000000 0.07692308 -0.25000000 -0.98245614 -1.00000000 -1.00000000 -1.00000000 1.00000000 0.00000000 -0.82000000 -1.00000000 -1.00000000
1.00000000 -0.21293233 -0.64285714 0.00000000 -0.69230769 0.00000000 -0.98526316 -1.00000000 -1.00000000 -1.00000000 -1.00000000 0.00000000 -0.45000000 -1.00000000 -1.00000000
0.00000000 -0.66165414 -0.93750000 0.00000000 1.00000000 0.75000000 -0.92701754 1.00000000 -1.00000000 -1.00000000 1.00000000 0.00000000 -0.84000000 -0.88280000 1.00000000
1.00000000 0.03759398 0.79178571 0.00000000 0.23076923 -0.25000000 -0.87719298 1.00000000 1.00000000 -0.91044776 -1.00000000 0.00000000 -0.88000000 -0.99972000 1.00000000
1.00000000 -0.61142857 -0.80642857 -1.00000000 0.84615385 -0.25000000 -0.63157895 1.00000000 1.00000000 -0.97014925 -1.00000000 0.00000000 -0.78900000 -1.00000000 1.00000000
0.00000000 -0.64421053 -1.00000000 0.00000000 0.07692308 -0.25000000 -1.00000000 -1.00000000 -1.00000000 -1.00000000 -1.00000000 1.00000000 -0.81600000 -1.00000000 1.00000000
1.00000000 -0.69413534 -0.89285714 0.00000000 -0.84615385 0.75000000 -0.86842105 1.00000000 1.00000000 -0.82089552 -1.00000000 0.00000000 -0.80000000 -0.99346000 1.00000000
1.00000000 -0.38345865 -0.78571429 0.00000000 0.84615385 0.75000000 -0.47964912 1.00000000 -1.00000000 -1.00000000 1.00000000 0.00000000 -1.00000000 -1.00000000 1.00000000
1.00000000 -0.80691729 -0.41642857 0.00000000 -0.23076923 -0.25000000 -0.86245614 1.00000000 1.00000000 -0.58208955 -1.00000000 0.00000000 -0.94000000 -0.99684000 1.00000000
0.00000000 -0.62646617 -0.85714286 0.00000000 -0.38461538 -0.50000000 -1.00000000 -1.00000000 -1.00000000 -1.00000000 1.00000000 0.00000000 -0.72400000 -0.99998000 -1.00000000
1.00000000 -0.54887218 -0.91678571 0.00000000 -0.53846154 -0.25000000 -0.96491228 1.00000000 -1.00000000 -1.00000000 -1.00000000 -1.00000000 -0.72000000 -1.00000000 -1.00000000
1.00000000 0.34827068 -0.80642857 0.00000000 0.07692308 -0.25000000 -0.83052632 -1.00000000 -1.00000000 -1.00000000 1.00000000 0.00000000 -0.68000000 -1.00000000 -1.00000000
0.00000000 -0.17533835 -0.53571429 0.00000000 0.53846154 -0.25000000 -0.96491228 1.00000000 1.00000000 -0.91044776 1.00000000 0.00000000 -0.85500000 -1.00000000 1.00000000
1.00000000 -0.79939850 -0.50000000 0.00000000 0.07692308 -0.25000000 -0.88596491 1.00000000 1.00000000 -0.91044776 -1.00000000 0.00000000 -0.80000000 -0.97218000 1.00000000
1.00000000 -0.40360902 -0.98214286 0.00000000 -0.69230769 0.00000000 -0.71929825 -1.00000000 -1.00000000 -1.00000000 1.00000000 -1.00000000 -0.58000000 -1.00000000 -1.00000000
1.00000000 -0.75428571 -0.96428571 0.00000000 0.07692308 -0.25000000 -0.99122807 -1.00000000 -1.00000000 -1.00000000 -1.00000000 0.00000000 -0.64000000 -1.00000000 -1.00000000
1.00000000 -0.47368421 -0.91964286 0.00000000 -1.00000000 -1.00000000 -1.00000000 -1.00000000 1.00000000 -0.97014925 -1.00000000 0.00000000 -0.90400000 -0.99962000 -1.00000000
0.00000000 -0.80962406 -0.91071429 0.00000000 0.07692308 -0.25000000 -1.00000000 -1.00000000 -1.00000000 -1.00000000 -1.00000000 0.00000000 -1.00000000 -1.00000000 -1.00000000
1.00000000 -0.67428571 -0.10714286 0.00000000 0.23076923 -0.25000000 -0.93859649 1.00000000 -1.00000000 -1.00000000 1.00000000 0.00000000 -0.74000000 -1.00000000 -1.00000000
1.00000000 -0.36330827 -0.82142857 0.00000000 0.23076923 -0.25000000 -1.00000000 1.00000000 -1.00000000 -1.00000000 1.00000000 0.00000000 -0.76100000 -0.99600000 1.00000000
1.00000000 -0.42857143 -0.89285714 0.00000000 0.84615385 0.75000000 -0.61403509 1.00000000 1.00000000 -0.91044776 1.00000000 0.00000000 -1.00000000 -1.00000000 1.00000000
1.00000000 0.14526316 -0.78571429 -1.00000000 -1.00000000 -1.00000000 -0.89473684 -1.00000000 -1.00000000 -1.00000000 -1.00000000 0.00000000 -0.82000000 -0.99992000 -1.00000000
1.00000000 -0.71428571 -0.89285714 0.00000000 0.53846154 -0.25000000 -0.83333333 1.00000000 1.00000000 -0.91044776 1.00000000 0.00000000 -1.00000000 -0.98836000 1.00000000
0.00000000 -0.24300752 -0.88107143 0.00000000 -0.23076923 -0.25000000 -0.98245614 -1.00000000 -1.00000000 -1.00000000 -1.00000000 0.00000000 -1.00000000 -0.99220000 -1.00000000
1.00000000 -0.08270677 -0.21428571 -1.00000000 -0.84615385 -0.25000000 -0.89473684 1.00000000 -1.00000000 -1.00000000 -1.00000000 -1.00000000 -1.00000000 -1.00000000 -1.00000000
1.00000000 -0.37353383 -1.00000000 0.00000000 0.07692308 -0.25000000 -1.00000000 -1.00000000 -1.00000000 -1.00000000 -1.00000000 1.00000000 -0.81600000 -1.00000000 -1.00000000
1.00000000 -0.50616541 -0.96428571 0.00000000 0.07692308 -0.25000000 -0.87719298 1.00000000 1.00000000 -0.67164179 -1.00000000 0.00000000 -0.96800000 -0.98920000 1.00000000
1.00000000 -0.35338346 -0.77392857 0.00000000 1.00000000 0.75000000 -0.73684211 1.00000000 -1.00000000 -1.00000000 1.00000000 0.00000000 -0.32000000 -1.00000000 -1.00000000
1.00000000 -0.29082707 -0.53571429 0.00000000 -0.07692308 0.75000000 -0.70175439 1.00000000 1.00000000 -0.64179104 1.00000000 0.00000000 -0.90700000 -1.00000000 1.00000000
0.00000000 -0.41593985 -0.83928571 -1.00000000 0.84615385 -0.25000000 -0.75438596 -1.00000000 -1.00000000 -1.00000000 1.00000000 0.00000000 -0.80000000 -0.99718000 -1.00000000
0.00000000 -0.41864662 -0.88392857 0.00000000 -0.84615385 -0.25000000 -0.96210526 -1.00000000 -1.00000000 -1.00000000 1.00000000 0.00000000 -1.00000000 -1.00000000 -1.00000000
0.00000000 -0.93473684 -0.79464286 0.00000000 0.53846154 -0.25000000 -0.99403509 -1.00000000 -1.00000000 -1.00000000 -1.00000000 0.00000000 -0.88000000 -1.00000000 -1.00000000
1.00000000 -0.84721805 -0.74714286 -1.00000000 -1.00000000 -1.00000000 -1.00000000 -1.00000000 -1.00000000 -1.00000000 1.00000000 0.00000000 -0.82000000 -0.99998000 -1.00000000
1.00000000 -0.55398496 -0.74107143 0.00000000 -0.23076923 -0.25000000 -0.98245614 -1.00000000 -1.00000000 -1.00000000 1.00000000 0.00000000 -0.90000000 -1.00000000 -1.00000000
1.00000000 -0.68661654 -0.93750000 0.00000000 0.53846154 -0.25000000 -0.67543860 1.00000000 1.00000000 -0.94029851 1.00000000 0.00000000 -0.48000000 -0.96000000 1.00000000
0.00000000 0.02255639 -0.42857143 0.00000000 0.07692308 -0.25000000 -0.44736842 1.00000000 1.00000000 -0.82089552 1.00000000 0.00000000 -1.00000000 -0.97480000 1.00000000
0.00000000 0.14796992 -0.53571429 0.00000000 -0.69230769 0.00000000 -0.78350877 -1.00000000 -1.00000000 -1.00000000 1.00000000 0.00000000 -0.92700000 -1.00000000 -1.00000000
0.00000000 -0.80962406 -0.99107143 0.00000000 0.53846154 -0.25000000 -0.92982456 -1.00000000 1.00000000 -0.97014925 -1.00000000 0.00000000 -0.76000000 -0.98464000 1.00000000
0.00000000 -0.50375940 -0.60714286 0.00000000 -0.53846154 -0.25000000 -0.61403509 -1.00000000 -1.00000000 -1.00000000 1.00000000 -1.00000000 -0.90000000 -1.00000000 -1.00000000
1.00000000 -0.39849624 -0.80357143 0.00000000 -0.69230769 0.00000000 -1.00000000 -1.00000000 -1.00000000 -1.00000000 -1.00000000 0.00000000 -0.82000000 -1.00000000 -1.00000000
0.00000000 -0.31338346 -0.97928571 0.00000000 -1.00000000 -1.00000000 -1.00000000 -1.00000000 1.00000000 -0.70149254 -1.00000000 0.00000000 -0.80000000 -0.99964000 -1.00000000
1.00000000 -0.54375940 -0.97321429 0.00000000 0.07692308 -0.25000000 -0.97964912 -1.00000000 -1.00000000 -1.00000000 -1.00000000 0.00000000 -0.78000000 -0.99720000 -1.00000000
1.00000000 0.29323308 -0.12500000 0.00000000 -0.07692308 -0.25000000 -0.91228070 1.00000000 1.00000000 -0.88059701 1.00000000 0.00000000 -0.80000000 -1.00000000 1.00000000
1.00000000 -0.86977444 -0.60714286 0.00000000 -0.53846154 -0.25000000 -0.96491228 1.00000000 -1.00000000 -1.00000000 -1.00000000 0.00000000 -0.92000000 -1.00000000 1.00000000
0.00000000 -0.81954887 -0.94642857 0.00000000 0.07692308 -0.25000000 -0.94421053 1.00000000 1.00000000 -0.85074627 1.00000000 0.00000000 -0.86000000 -0.99990000 -1.00000000
1.00000000 -0.18045113 -0.99714286 0.00000000 0.38461538 -0.25000000 -0.99719298 -1.00000000 1.00000000 -0.97014925 -1.00000000 -1.00000000 -0.44000000 -1.00000000 1.00000000
0.00000000 -0.49112782 -0.14285714 0.00000000 0.07692308 -0.25000000 -0.85964912 1.00000000 1.00000000 -0.97014925 -1.00000000 0.00000000 -0.78000000 -0.99962000 1.00000000
0.00000000 -0.79699248 -0.15464286 0.00000000 0.07692308 0.75000000 -0.57894737 1.00000000 -1.00000000 -1.00000000 -1.00000000 0.00000000 -0.66000000 -1.00000000 1.00000000
1.00000000 -0.72421053 -0.98785714 0.00000000 -0.07692308 -0.25000000 -0.99403509 -1.00000000 -1.00000000 -1.00000000 -1.00000000 -1.00000000 -1.00000000 -1.00000000 -1.00000000
0.00000000 -0.18556391 -0.75000000 0.00000000 -0.69230769 0.00000000 -0.96491228 -1.00000000 -1.00000000 -1.00000000 -1.00000000 -1.00000000 0.16000000 -1.00000000 -1.00000000
1.00000000 -0.39097744 -0.63678571 -1.00000000 -0.69230769 0.00000000 -0.92385965 -1.00000000 -1.00000000 -1.00000000 1.00000000 0.00000000 -0.52000000 -1.00000000 -1.00000000
0.00000000 0.73924812 -1.00000000 0.00000000 0.07692308 -0.25000000 -1.00000000 -1.00000000 -1.00000000 -1.00000000 -1.00000000 1.00000000 -0.81600000 -1.00000000 1.00000000
1.00000000 -0.88210526 -0.68142857 0.00000000 0.07692308 -0.25000000 -0.98245614 -1.00000000 -1.00000000 -1.00000000 -1.00000000 -1.00000000 -0.92000000 -1.00000000 -1.00000000
1.00000000 -0.42616541 -0.82142857 0.00000000 0.84615385 0.75000000 -0.80701754 1.00000000 1.00000000 -0.82089552 -1.00000000 0.00000000 -0.84000000 -0.95856000 1.00000000
1.00000000 -0.32842105 -0.81857143 0.00000000 -1.00000000 -1.00000000 -1.00000000 -1.00000000 -1.00000000 -1.00000000 -1.00000000 0.00000000 -1.00000000 -0.98000000 -1.00000000
1.00000000 0.04000000 -0.14285714 0.00000000 -0.07692308 -0.25000000 0.12280702 1.00000000 -1.00000000 -1.00000000 -1.00000000 -1.00000000 -0.89000000 -1.00000000 1.00000000
0.00000000 -0.65413534 -0.03571429 -1.00000000 -1.00000000 -1.00000000 -0.85964912 -1.00000000 1.00000000 -0.97014925 1.00000000 0.00000000 -0.80000000 -0.99998000 -1.00000000
1.00000000 -0.46406015 -0.64285714 -1.00000000 -0.23076923 -0.25000000 -0.40350877 1.00000000 -1.00000000 -1.00000000 -1.00000000 0.00000000 -1.00000000 -1.00000000 -1.00000000
1.00000000 -0.72932331 -0.21428571 0.00000000 0.53846154 -0.25000000 -0.82456140 1.00000000 1.00000000 -0.79104478 1.00000000 0.00000000 -0.90000000 -0.98382000 1.00000000
0.00000000 -0.65172932 -0.85107143 0.00000000 0.07692308 0.75000000 -0.80701754 1.00000000 -1.00000000 -1.00000000 1.00000000 0.00000000 -0.64000000 -0.99998000 -1.00000000
0.00000000 -0.25323308 -0.64285714 0.00000000 0.84615385 -0.25000000 -0.05263158 1.00000000 -1.00000000 -1.00000000 1.00000000 0.00000000 -0.02000000 -1.00000000 -1.00000000
0.00000000 -0.83699248 -0.61321429 0.00000000 -0.69230769 0.75000000 -0.97964912 -1.00000000 -1.00000000 -1.00000000 -1.00000000 0.00000000 -0.92000000 -0.99032000 -1.00000000
1.00000000 -0.60902256 -0.91964286 0.00000000 1.00000000 0.75000000 -0.91228070 1.00000000 -1.00000000 -1.00000000 -1.00000000 0.00000000 -1.00000000 -0.89404000 1.00000000
1.00000000 0.23548872 0.10714286 0.00000000 0.38461538 1.00000000 -1.00000000 1.00000000 1.00000000 -0.40298507 -1.00000000 0.00000000 -0.84800000 -0.99740000 -1.00000000
1.00000000 -0.86706767 -0.26785714 0.00000000 0.07692308 0.75000000 -0.92385965 -1.00000000 -1.00000000 -1.00000000 -1.00000000 0.00000000 -0.68000000 -0.99974000 -1.00000000
1.00000000 -0.92481203 -0.94035714 0.00000000 -0.07692308 -0.25000000 -0.99403509 1.00000000 -1.00000000 -1.00000000 -1.00000000 -1.00000000 -0.80000000 -1.00000000 -1.00000000
1.00000000 -0.39097744 -0.67857143 0.00000000 -0.23076923 -0.25000000 -0.92982456 1.00000000 -1.00000000 -1.00000000 1.00000000 0.00000000 -0.76000000 -1.00000000 -1.00000000
1.00000000 -0.64421053 -0.97607143 0.00000000 -0.53846154 0.75000000 -0.75438596 -1.00000000 -1.00000000 -1.00000000 1.00000000 0.00000000 -0.66000000 -1.00000000 -1.00000000
1.00000000 -0.69924812 -0.14285714 0.00000000 0.07692308 -0.25000000 -0.85368421 -1.00000000 -1.00000000 -1.00000000 -1.00000000 -1.00000000 -0.92000000 -1.00000000 -1.00000000
1.00000000 -0.15037594 -0.98535714 0.00000000 -0.69230769 0.75000000 -0.64035088 1.00000000 -1.00000000 -1.00000000 -1.00000000 0.00000000 -0.60000000 -1.00000000 1.00000000
1.00000000 0.04751880 -0.53571429 0.00000000 0.53846154 0.75000000 -0.57894737 1.00000000 -1.00000000 -1.00000000 1.00000000 0.00000000 -0.65000000 -1.00000000 1.00000000
1.00000000 -0.42345865 -0.82142857 0.00000000 -0.23076923 -0.25000000 -0.87719298 -1.00000000 1.00000000 -0.94029851 1.00000000 0.00000000 -0.28000000 -1.00000000 -1.00000000
0.00000000 -0.67669173 -0.82750000 -1.00000000 0.07692308 -0.25000000 -1.00000000 -1.00000000 -1.00000000 -1.00000000 -1.00000000 0.00000000 -0.88000000 -1.00000000 -1.00000000
0.00000000 -0.51879699 -0.95250000 0.00000000 0.23076923 -0.25000000 -0.98245614 -1.00000000 -1.00000000 -1.00000000 1.00000000 0.00000000 -0.70000000 -1.00000000 -1.00000000
0.00000000 -0.02766917 -0.78571429 0.00000000 0.07692308 -0.25000000 -0.83333333 1.00000000 1.00000000 -0.76119403 1.00000000 0.00000000 -0.60400000 -0.91682000 1.00000000
1.00000000 -0.67428571 -0.91071429 0.00000000 0.07692308 -0.25000000 -0.98245614 -1.00000000 -1.00000000 -1.00000000 -1.00000000 0.00000000 -0.89000000 -1.00000000 -1.00000000
1.00000000 -0.36842105 0.07142857 0.00000000 0.69230769 0.50000000 -0.62280702 1.00000000 1.00000000 -0.73134328 1.00000000 0.00000000 -1.00000000 -0.99732000 1.00000000
1.00000000 0.03248120 -0.73214286 0.00000000 -0.69230769 0.00000000 -0.92982456 -1.00000000 -1.00000000 -1.00000000 -1.00000000 0.00000000 -0.90000000 -0.99996000 -1.00000000
1.00000000 -0.79699248 -0.28571429 -1.00000000 0.07692308 -0.25000000 -0.82456140 1.00000000 -1.00000000 -1.00000000 -1.00000000 -1.00000000 -0.96000000 -1.00000000 1.00000000
1.00000000 -0.66165414 -0.19642857 0.00000000 0.07692308 -0.25000000 -0.82456140 1.00000000 1.00000000 -0.49253731 -1.00000000 0.00000000 -0.80000000 -0.97584000 1.00000000
1.00000000 -0.82947368 -0.89285714 -1.00000000 0.84615385 -0.25000000 -0.85964912 1.00000000 -1.00000000 -1.00000000 1.00000000 0.00000000 -0.90000000 -0.99960000 -1.00000000
1.00000000 -0.84210526 -0.87500000 -1.00000000 0.07692308 -0.25000000 -0.83614035 -1.00000000 -1.00000000 -1.00000000 1.00000000 0.00000000 -0.88800000 -0.99988000 -1.00000000
0.00000000 0.01263158 -0.42857143 0.00000000 0.38461538 0.00000000 -0.54385965 1.00000000 1.00000000 -0.82089552 -1.00000000 0.00000000 -0.62500000 0.02200000 1.00000000
1.00000000 -0.65413534 -0.92857143 0.00000000 -0.23076923 -0.25000000 -0.96491228 -1.00000000 -1.00000000 -1.00000000 -1.00000000 0.00000000 -0.80000000 -1.00000000 -1.00000000
1.00000000 -0.91729323 -0.99107143 0.00000000 0.07692308 -0.25000000 -0.98842105 -1.00000000 -1.00000000 -1.00000000 -1.00000000 0.00000000 -0.86800000 -1.00000000 -1.00000000
0.00000000 -0.78706767 -0.39285714 0.00000000 0.07692308 -0.25000000 -0.98842105 -1.00000000 -1.00000000 -1.00000000 -1.00000000 0.00000000 -1.00000000 -0.99298000 -1.00000000
1.00000000 -0.71428571 -0.92857143 0.00000000 0.07692308 -0.25000000 -0.94140351 1.00000000 -1.00000000 -1.00000000 -1.00000000 -1.00000000 -0.70000000 -1.00000000 1.00000000
1.00000000 -0.59398496 -0.95535714 0.00000000 -0.23076923 -0.25000000 -0.96807018 1.00000000 -1.00000000 -1.00000000 1.00000000 0.00000000 -0.80000000 -1.00000000 -1.00000000
1.00000000 -0.42105263 -0.82142857 -1.00000000 0.23076923 -0.25000000 -0.50877193 -1.00000000 -1.00000000 -1.00000000 1.00000000 0.00000000 -0.72000000 -1.00000000 -1.00000000
1.00000000 -0.44872180 -0.71428571 0.00000000 -0.07692308 -0.25000000 -0.82456140 1.00000000 -1.00000000 -1.00000000 1.00000000 0.00000000 -0.64000000 -1.00000000 1.00000000
1.00000000 -0.05503759 -0.89285714 0.00000000 0.07692308 -0.25000000 -0.82456140 1.00000000 -1.00000000 -1.00000000 1.00000000 0.00000000 -0.86000000 -1.00000000 -1.00000000
1.00000000 -0.35578947 -0.82142857 0.00000000 -0.53846154 -0.25000000 -0.68421053 1.00000000 1.00000000 -0.79104478 -1.00000000 0.00000000 -0.85000000 -0.97460000 1.00000000
0.00000000 -0.30827068 -0.63392857 0.00000000 0.38461538 -0.25000000 -0.64912281 1.00000000 -1.00000000 -1.00000000 1.00000000 0.00000000 -1.00000000 -0.92000000 1.00000000
1.00000000 -0.71187970 -0.89285714 0.00000000 0.07692308 0.75000000 -0.90070175 1.00000000 -1.00000000 -1.00000000 -1.00000000 0.00000000 -0.57800000 -0.99600000 1.00000000
0.00000000 -0.72932331 -0.55964286 0.00000000 -0.23076923 -0.25000000 -0.98842105 -1.00000000 -1.00000000 -1.00000000 -1.00000000 0.00000000 -0.78000000 -0.98000000 -1.00000000
1.00000000 -0.50887218 -0.92571429 -1.00000000 -0.69230769 0.00000000 -0.96491228 1.00000000 1.00000000 -0.70149254 1.00000000 0.00000000 -0.86800000 -0.99944000 -1.00000000
0.00000000 -0.76691729 -0.57142857 0.00000000 -0.23076923 -0.25000000 -0.82456140 1.00000000 1.00000000 -0.91044776 -1.00000000 0.00000000 -0.92000000 -0.98164000 1.00000000
1.00000000 0.13774436 0.07142857 0.00000000 0.07692308 -0.25000000 -0.40350877 1.00000000 1.00000000 -0.73134328 -1.00000000 0.00000000 -1.00000000 -1.00000000 1.00000000
1.00000000 -0.64150376 -0.76785714 0.00000000 0.07692308 0.75000000 -0.83929825 -1.00000000 1.00000000 -0.97014925 1.00000000 0.00000000 -0.58400000 -0.99958000 -1.00000000
0.00000000 -0.20060150 -0.41964286 -1.00000000 -0.53846154 -0.25000000 -0.98842105 -1.00000000 1.00000000 -0.94029851 -1.00000000 0.00000000 -0.81600000 -0.99964000 -1.00000000
1.00000000 0.16541353 -0.53571429 0.00000000 -0.53846154 -0.25000000 -0.55859649 1.00000000 1.00000000 -0.55223881 -1.00000000 0.00000000 -1.00000000 -0.77596000 1.00000000
0.00000000 -0.59639098 -0.91071429 0.00000000 -1.00000000 -1.00000000 -1.00000000 -1.00000000 1.00000000 -0.97014925 -1.00000000 0.00000000 -0.90800000 -0.99400000 -1.00000000
1.00000000 -0.27819549 -0.50000000 0.00000000 0.53846154 0.75000000 -0.19298246 1.00000000 1.00000000 -0.79104478 1.00000000 0.00000000 -0.70000000 -0.99990000 -1.00000000
0.00000000 -0.65924812 -0.81857143 -1.00000000 -0.23076923 -0.25000000 -0.98245614 1.00000000 -1.00000000 -1.00000000 1.00000000 0.00000000 -0.63000000 -1.00000000 1.00000000
1.00000000 -0.60150376 -0.89285714 -1.00000000 0.23076923 -0.25000000 -0.97368421 1.00000000 -1.00000000 -1.00000000 1.00000000 0.00000000 -0.74000000 -0.97870000 1.00000000
0.00000000 -0.79187970 -0.78571429 0.00000000 0.53846154 -0.25000000 -0.98842105 1.00000000 1.00000000 -0.91044776 -1.00000000 0.00000000 -0.90000000 -0.99988000 1.00000000
1.00000000 -0.81203008 -0.91071429 -1.00000000 -0.53846154 -0.25000000 -0.99122807 -1.00000000 -1.00000000 -1.00000000 -1.00000000 0.00000000 -0.86000000 -0.99992000 -1.00000000
1.00000000 -0.45353383 -0.68142857 0.00000000 0.84615385 0.75000000 -0.57614035 1.00000000 1.00000000 -0.91044776 -1.00000000 0.00000000 -0.68900000 -0.99400000 1.00000000
1.00000000 -0.17533835 -0.90464286 0.00000000 -0.84615385 -0.25000000 -0.98842105 -1.00000000 -1.00000000 -1.00000000 -1.00000000 0.00000000 -0.83200000 -1.00000000 -1.00000000
0.00000000 0.67669173 -0.57142857 0.00000000 -1.00000000 -1.00000000 -1.00000000 -1.00000000 -1.00000000 -1.00000000 -1.00000000 -1.00000000 -1.00000000 -1.00000000 -1.00000000
1.00000000 -0.79939850 -0.92250000 0.00000000 0.53846154 -0.25000000 -0.89473684 -1.00000000 -1.00000000 -1.00000000 -1.00000000 0.00000000 -0.89200000 -0.99986000 -1.00000000
1.00000000 -0.15037594 -0.30071429 0.00000000 1.00000000 0.75000000 -0.44140351 1.00000000 1.00000000 -0.76119403 -1.00000000 0.00000000 -1.00000000 -1.00000000 1.00000000
1.00000000 -0.57654135 -0.92857143 -1.00000000 -0.84615385 0.75000000 -0.78947368 -1.00000000 -1.00000000 -1.00000000 -1.00000000 0.00000000 -0.82400000 -0.98926000 -1.00000000
1.00000000 -0.78195489 -0.65785714 -1.00000000 0.23076923 -0.25000000 -0.84210526 1.00000000 1.00000000 -0.97014925 1.00000000 0.00000000 -0.92000000 -0.99400000 1.00000000
1.00000000 -0.67669173 -0.04750000 -1.00000000 -0.23076923 -0.25000000 -0.99719298 -1.00000000 -1.00000000 -1.00000000 1.00000000 0.00000000 -0.88000000 -0.99050000 -1.00000000
1.00000000 -0.62646617 -0.10714286 -1.00000000 -0.53846154 0.75000000 -0.91228070 -1.00000000 -1.00000000 -1.00000000 1.00000000 0.00000000 -1.00000000 -0.99966000 -1.00000000
1.00000000 0.49112782 -0.96142857 0.00000000 0.07692308 -0.25000000 -0.95894737 1.00000000 1.00000000 -0.91044776 1.00000000 0.00000000 -0.82000000 -1.00000000 -1.00000000
1.00000000 0.02015038 -0.82142857 0.00000000 -0.07692308 0.00000000 -0.82456140 1.00000000 1.00000000 -0.64179104 1.00000000 0.00000000 -0.59000000 -0.94980000 1.00000000
0.00000000 -0.34827068 -0.14285714 0.00000000 0.53846154 0.75000000 -0.01754386 1.00000000 1.00000000 -0.76119403 -1.00000000 0.00000000 -1.00000000 -0.86820000 1.00000000
1.00000000 -0.36601504 -0.82142857 -1.00000000 0.23076923 -0.25000000 -0.78947368 -1.00000000 -1.00000000 -1.00000000 -1.00000000 -1.00000000 -0.80000000 -1.00000000 -1.00000000
1.00000000 -0.73172932 -0.88678571 -1.00000000 0.23076923 -0.25000000 -0.78350877 1.00000000 1.00000000 -0.82089552 -1.00000000 0.00000000 -0.92000000 -1.00000000 1.00000000
1.00000000 -0.46105263 0.15464286 0.00000000 -0.84615385 -0.25000000 -0.78947368 1.00000000 1.00000000 -0.73134328 -1.00000000 0.00000000 -0.75000000 -0.98540000 1.00000000
1.00000000 -0.71939850 -0.82142857 0.00000000 -1.00000000 -1.00000000 -0.99403509 -1.00000000 -1.00000000 -1.00000000 1.00000000 0.00000000 -0.90000000 -0.91584000 -1.00000000
1.00000000 0.22315789 -0.96428571 -1.00000000 -0.53846154 0.75000000 -0.72210526 1.00000000 -1.00000000 -1.00000000 -1.00000000 0.00000000 -0.82000000 -0.99372000 1.00000000
0.00000000 0.34075188 -0.28571429 0.00000000 0.53846154 -0.25000000 -0.71929825 1.00000000 1.00000000 -0.58208955 -1.00000000 0.00000000 -1.00000000 -0.96796000 1.00000000
1.00000000 -0.75187970 -0.94357143 0.00000000 0.23076923 -0.25000000 -0.97964912 -1.00000000 1.00000000 -0.97014925 -1.00000000 0.00000000 -0.58000000 -0.99434000 -1.00000000
1.00000000 -0.70676692 -0.80357143 0.00000000 -1.00000000 -1.00000000 -0.68421053 -1.00000000 -1.00000000 -1.00000000 -1.00000000 0.00000000 -0.84000000 -0.99950000 -1.00000000
0.00000000 -0.86977444 -0.97321429 1.00000000 0.84615385 -1.00000000 -0.29824561 -1.00000000 -1.00000000 -1.00000000 1.00000000 -1.00000000 -0.70000000 -1.00000000 1.00000000
1.00000000 -0.82195489 -0.28571429 -1.00000000 -0.53846154 0.75000000 -0.94140351 1.00000000 -1.00000000 -1.00000000 1.00000000 0.00000000 -0.86000000 -1.00000000 -1.00000000
1.00000000 -0.75187970 -0.44035714 -1.00000000 -0.69230769 0.00000000 -0.98842105 -1.00000000 -1.00000000 -1.00000000 1.00000000 0.00000000 -0.81600000 -1.00000000 -1.00000000
1.00000000 -0.82706767 -0.31535714 0.00000000 -0.23076923 -0.25000000 -0.94456140 -1.00000000 -1.00000000 -1.00000000 -1.00000000 0.00000000 -0.92000000 -0.99300000 -1.00000000
1.00000000 -0.85473684 -0.59214286 0.00000000 -0.84615385 -0.25000000 -0.96210526 -1.00000000 -1.00000000 -1.00000000 -1.00000000 0.00000000 -0.88000000 -1.00000000 -1.00000000
0.00000000 -0.73172932 -0.94642857 0.00000000 0.07692308 -0.25000000 -0.85964912 -1.00000000 1.00000000 -0.94029851 1.00000000 0.00000000 -0.80000000 -0.99212000 -1.00000000
1.00000000 -0.61142857 0.04178571 0.00000000 -0.69230769 0.00000000 -1.00000000 -1.00000000 -1.00000000 -1.00000000 1.00000000 0.00000000 -0.82200000 -1.00000000 -1.00000000
1.00000000 -0.89984962 -0.76500000 0.00000000 -0.69230769 -0.25000000 -0.97649123 -1.00000000 -1.00000000 -1.00000000 1.00000000 0.00000000 -0.86000000 -0.99996000 -1.00000000
0.00000000 -0.35578947 -0.73214286 0.00000000 -1.00000000 -1.00000000 -1.00000000 -1.00000000 1.00000000 -0.82089552 -1.00000000 0.00000000 -1.00000000 -0.99600000 -1.00000000
1.00000000 -0.74436090 -0.96714286 0.00000000 -0.53846154 -0.25000000 -0.99122807 -1.00000000 -1.00000000 -1.00000000 1.00000000 0.00000000 -0.72000000 -0.99890000 -1.00000000
0.00000000 -0.18045113 -0.85428571 -1.00000000 0.53846154 0.75000000 -0.99122807 1.00000000 1.00000000 -0.31343284 1.00000000 0.00000000 -0.54500000 -0.97528000 1.00000000
1.00000000 -0.46406015 -0.71428571 0.00000000 1.00000000 -0.25000000 -0.64912281 1.00000000 1.00000000 -0.91044776 1.00000000 0.00000000 -0.71000000 -0.95442000 1.00000000
1.00000000 -0.18285714 -0.83928571 -1.00000000 1.00000000 0.75000000 -0.29824561 1.00000000 -1.00000000 -1.00000000 1.00000000 0.00000000 -0.82400000 -1.00000000 -1.00000000
1.00000000 -0.59398496 -0.88107143 0.00000000 0.84615385 0.75000000 -0.64315789 1.00000000 1.00000000 -0.73134328 -1.00000000 0.00000000 -0.60100000 -0.98346000 1.00000000
1.00000000 -0.38586466 -0.89000000 0.00000000 0.84615385 -0.25000000 -0.89192982 1.00000000 1.00000000 -0.97014925 1.00000000 0.00000000 -0.48000000 0.00000000 1.00000000
0.00000000 -0.46406015 -0.75000000 0.00000000 -0.84615385 -0.25000000 -0.78947368 1.00000000 -1.00000000 -1.00000000 1.00000000 0.00000000 -0.70000000 -1.00000000 -1.00000000
1.00000000 -0.66165414 -0.14285714 0.00000000 -0.53846154 -0.25000000 -0.84210526 1.00000000 1.00000000 -0.94029851 1.00000000 0.00000000 -0.88000000 -0.99990000 -1.00000000
0.00000000 -0.91729323 -0.91071429 0.00000000 0.53846154 -0.25000000 -0.98245614 -1.00000000 1.00000000 -0.97014925 -1.00000000 0.00000000 -0.89200000 -0.99804000 -1.00000000
0.00000000 -0.72180451 -0.16071429 0.00000000 1.00000000 0.75000000 -0.96491228 1.00000000 1.00000000 -0.94029851 1.00000000 0.00000000 -0.70000000 -0.98898000 1.00000000
1.00000000 -0.57142857 -0.85714286 0.00000000 -0.53846154 0.75000000 -0.70771930 1.00000000 1.00000000 -0.94029851 1.00000000 0.00000000 -0.81900000 -1.00000000 1.00000000
1.00000000 -0.76932331 -0.94642857 -1.00000000 0.69230769 0.50000000 -0.94736842 -1.00000000 -1.00000000 -1.00000000 1.00000000 0.00000000 -0.86800000 -0.99996000 -1.00000000
1.00000000 -0.78947368 -0.63678571 -1.00000000 -0.38461538 -0.25000000 -0.97964912 -1.00000000 -1.00000000 -1.00000000 -1.00000000 0.00000000 -0.86000000 -0.99632000 -1.00000000
1.00000000 -0.24300752 -0.87500000 0.00000000 -0.53846154 -0.25000000 -0.96491228 -1.00000000 -1.00000000 -1.00000000 1.00000000 0.00000000 -0.70000000 -0.99996000 -1.00000000
1.00000000 -0.23067669 -0.58035714 0.00000000 0.84615385 0.75000000 -0.29824561 1.00000000 1.00000000 -0.58208955 1.00000000 0.00000000 -0.60100000 -1.00000000 1.00000000
0.00000000 -0.60390977 -0.03571429 0.00000000 0.53846154 0.75000000 -0.64912281 1.00000000 1.00000000 -0.94029851 -1.00000000 0.00000000 -1.00000000 -0.90000000 1.00000000
1.00000000 -0.60902256 -0.67857143 -1.00000000 0.07692308 0.00000000 -0.82456140 -1.00000000 -1.00000000 -1.00000000 -1.00000000 0.00000000 -0.80000000 -0.97580000 -1.00000000
0.00000000 0.31819549 -0.85714286 0.00000000 -1.00000000 -1.00000000 -0.54385965 -1.00000000 1.00000000 -0.97014925 -1.00000000 0.00000000 -1.00000000 -0.99980000 -1.00000000
1.00000000 -0.66165414 -0.10714286 0.00000000 -0.23076923 -0.25000000 -0.78947368 1.00000000 -1.00000000 -1.00000000 1.00000000 -1.00000000 -0.98000000 -1.00000000 1.00000000
1.00000000 0.22045113 -0.51785714 0.00000000 0.07692308 0.75000000 -0.81578947 1.00000000 1.00000000 -0.67164179 1.00000000 0.00000000 -1.00000000 -0.99432000 1.00000000
0.00000000 -0.55639098 -0.92857143 0.00000000 0.53846154 -0.25000000 -0.92982456 1.00000000 1.00000000 -0.94029851 1.00000000 0.00000000 -0.83300000 -0.99000000 -1.00000000
0.00000000 -0.29082707 -0.82142857 0.00000000 -0.69230769 0.75000000 -0.98526316 -1.00000000 -1.00000000 -1.00000000 -1.00000000 0.00000000 -0.74000000 -0.99508000 -1.00000000
1.00000000 -0.48631579 -1.00000000 0.00000000 0.23076923 -0.25000000 -0.91228070 1.00000000 1.00000000 -0.97014925 -1.00000000 0.00000000 -0.79800000 -1.00000000 1.00000000
0.00000000 -0.68932331 -0.96428571 0.00000000 0.53846154 0.75000000 -0.91228070 1.00000000 1.00000000 -0.97014925 -1.00000000 0.00000000 -1.00000000 -0.98644000 1.00000000
1.00000000 -0.21052632 -0.53571429 0.00000000 -0.23076923 0.00000000 -0.75438596 1.00000000 1.00000000 -0.97014925 -1.00000000 0.00000000 -1.00000000 -0.99000000 1.00000000
1.00000000 -0.17052632 -1.00000000 0.00000000 0.07692308 0.00000000 0.05263158 1.00000000 -1.00000000 -1.00000000 -1.00000000 0.00000000 -1.00000000 -1.00000000 1.00000000
1.00000000 -0.92721805 -0.99714286 0.00000000 0.07692308 -0.25000000 -0.99719298 -1.00000000 -1.00000000 -1.00000000 -1.00000000 0.00000000 -1.00000000 -1.00000000 1.00000000
1.00000000 -0.53624060 -0.75000000 0.00000000 0.23076923 -0.25000000 -0.75438596 1.00000000 1.00000000 -0.91044776 1.00000000 0.00000000 -0.67100000 -1.00000000 -1.00000000
1.00000000 -0.81203008 -0.50000000 0.00000000 0.07692308 -0.25000000 -0.96491228 -1.00000000 -1.00000000 -1.00000000 -1.00000000 0.00000000 -1.00000000 -1.00000000 -1.00000000
1.00000000 -0.61142857 -0.69642857 0.00000000 0.84615385 -0.25000000 -0.69894737 1.00000000 1.00000000 -0.97014925 1.00000000 0.00000000 -0.88000000 -1.00000000 1.00000000
1.00000000 -0.82947368 -0.48214286 0.00000000 -0.07692308 -0.25000000 -0.99719298 -1.00000000 1.00000000 -0.97014925 -1.00000000 0.00000000 -0.90000000 -0.99998000 -1.00000000
1.00000000 0.13293233 -0.99714286 0.00000000 1.00000000 0.75000000 -0.99719298 1.00000000 -1.00000000 -1.00000000 -1.00000000 0.00000000 -1.00000000 -0.94000000 1.00000000
0.00000000 -0.72421053 -0.91071429 0.00000000 0.53846154 -0.25000000 -0.98245614 -1.00000000 -1.00000000 -1.00000000 1.00000000 0.00000000 -0.88000000 -0.98382000 -1.00000000
1.00000000 -0.29082707 -0.80964286 0.00000000 0.84615385 -0.25000000 -0.98842105 -1.00000000 -1.00000000 -1.00000000 1.00000000 0.00000000 -1.00000000 -0.98998000 -1.00000000
1.00000000 -0.84210526 -1.00000000 -1.00000000 -1.00000000 -1.00000000 -1.00000000 -1.00000000 1.00000000 -0.88059701 -1.00000000 0.00000000 -0.95500000 -0.99998000 -1.00000000
1.00000000 -0.81203008 -0.21107143 0.00000000 0.07692308 -0.25000000 -0.85964912 -1.00000000 -1.00000000 -1.00000000 1.00000000 0.00000000 -0.86400000 -1.00000000 -1.00000000
1.00000000 0.03518797 -0.45535714 0.00000000 0.23076923 0.75000000 0.08771930 1.00000000 1.00000000 -0.64179104 -1.00000000 0.00000000 -1.00000000 -0.98420000 1.00000000
1.00000000 -0.38857143 -0.99428571 -1.00000000 -0.07692308 0.00000000 -0.99719298 1.00000000 1.00000000 -0.97014925 1.00000000 0.00000000 -0.72000000 -0.96000000 1.00000000
0.00000000 0.41864662 -0.64285714 0.00000000 -0.23076923 -0.25000000 -0.71929825 1.00000000 1.00000000 -0.88059701 -1.00000000 0.00000000 -1.00000000 -0.99802000 1.00000000
1.00000000 -0.22556391 -0.88392857 0.00000000 0.07692308 -0.25000000 -0.89473684 -1.00000000 -1.00000000 -1.00000000 -1.00000000 0.00000000 -1.00000000 -0.99368000 -1.00000000
1.00000000 -0.73172932 -0.98821429 0.00000000 0.07692308 -0.50000000 -0.84210526 -1.00000000 -1.00000000 -1.00000000 1.00000000 -1.00000000 -1.00000000 -1.00000000 1.00000000
0.00000000 -0.84721805 -0.68464286 -1.00000000 0.07692308 0.75000000 -0.78947368 1.00000000 -1.00000000 -1.00000000 -1.00000000 0.00000000 -0.76000000 -1.00000000 1.00000000
1.00000000 -0.43849624 -0.78571429 0.00000000 -0.84615385 -0.25000000 -0.98842105 -1.00000000 -1.00000000 -1.00000000 1.00000000 0.00000000 -0.88000000 -1.00000000 -1.00000000
1.00000000 -0.89984962 -0.98214286 0.00000000 0.53846154 -0.25000000 -0.97649123 -1.00000000 1.00000000 -0.88059701 -1.00000000 0.00000000 -0.84000000 -0.99984000 -1.00000000
0.00000000 -0.56631579 -0.97321429 0.00000000 0.53846154 -0.25000000 -0.95894737 1.00000000 1.00000000 -0.88059701 -1.00000000 0.00000000 -0.92000000 -1.00000000 1.00000000
1.00000000 -0.32571429 0.29464286 0.00000000 0.23076923 -0.25000000 -0.99403509 -1.00000000 -1.00000000 -1.00000000 -1.00000000 0.00000000 -0.68000000 -0.92896000 -1.00000000
1.00000000 -0.38586466 -0.80357143 0.00000000 -0.69230769 0.00000000 -0.82456140 -1.00000000 -1.00000000 -1.00000000 1.00000000 0.00000000 -0.76800000 -0.99600000 -1.00000000
0.00000000 -0.46406015 -0.89285714 0.00000000 -1.00000000 -1.00000000 -1.00000000 -1.00000000 1.00000000 -0.94029851 1.00000000 0.00000000 -0.80000000 -0.99790000 -1.00000000
0.00000000 -0.70676692 -0.35714286 0.00000000 0.53846154 -0.25000000 -0.40350877 1.00000000 1.00000000 -0.85074627 1.00000000 0.00000000 -0.88000000 -1.00000000 1.00000000
1.00000000 0.20812030 -0.31250000 0.00000000 0.38461538 -0.25000000 -0.39192982 1.00000000 1.00000000 -0.85074627 -1.00000000 0.00000000 -1.00000000 -1.00000000 1.00000000
1.00000000 -0.16300752 -0.87500000 0.00000000 -0.53846154 -0.25000000 -0.98526316 1.00000000 -1.00000000 -1.00000000 -1.00000000 0.00000000 -0.84000000 -1.00000000 -1.00000000
1.00000000 -0.65924812 -0.87785714 0.00000000 1.00000000 -0.25000000 -0.88315789 1.00000000 1.00000000 -0.97014925 1.00000000 0.00000000 -0.60500000 -0.99960000 1.00000000
1.00000000 0.55398496 -0.21428571 0.00000000 0.38461538 1.00000000 0.40350877 1.00000000 1.00000000 -0.79104478 1.00000000 0.00000000 -0.97800000 -1.00000000 1.00000000
1.00000000 0.89473684 0.59214286 0.00000000 0.38461538 1.00000000 -0.10526316 1.00000000 1.00000000 -0.97014925 1.00000000 0.00000000 -1.00000000 -0.99782000 1.00000000
0.00000000 -0.03007519 -0.71428571 0.00000000 -0.38461538 -0.50000000 -1.00000000 1.00000000 -1.00000000 -1.00000000 -1.00000000 0.00000000 -0.90000000 -0.98080000 1.00000000
0.00000000 -0.67669173 -0.08928571 0.00000000 0.07692308 0.00000000 -0.66666667 1.00000000 1.00000000 -0.94029851 -1.00000000 0.00000000 -0.92700000 -0.99112000 1.00000000
1.00000000 -0.43097744 -0.35714286 -1.00000000 0.23076923 0.75000000 -0.63157895 1.00000000 -1.00000000 -1.00000000 1.00000000 0.00000000 -0.84600000 -1.00000000 1.00000000
0.00000000 -0.45112782 -0.57142857 0.00000000 -0.84615385 -0.25000000 -0.91228070 -1.00000000 -1.00000000 -1.00000000 -1.00000000 0.00000000 -0.72800000 -1.00000000 -1.00000000
1.00000000 -0.12541353 -0.66964286 0.00000000 0.53846154 -0.25000000 -0.67859649 1.00000000 -1.00000000 -1.00000000 -1.00000000 -1.00000000 -1.00000000 -1.00000000 1.00000000
1.00000000 -0.74436090 -0.35714286 0.00000000 -0.23076923 -0.25000000 -0.99403509 -1.00000000 -1.00000000 -1.00000000 -1.00000000 0.00000000 -1.00000000 -1.00000000 -1.00000000
1.00000000 -0.16781955 -0.64285714 0.00000000 0.53846154 0.75000000 -0.64912281 1.00000000 1.00000000 -0.82089552 1.00000000 0.00000000 -0.53000000 -1.00000000 1.00000000
1.00000000 -0.70436090 -0.87214286 0.00000000 0.07692308 -0.25000000 -0.96210526 -1.00000000 -1.00000000 -1.00000000 1.00000000 0.00000000 -0.86400000 -0.99998000 -1.00000000
1.00000000 -0.47879699 -0.89285714 -1.00000000 0.23076923 -0.25000000 -0.99719298 -1.00000000 -1.00000000 -1.00000000 -1.00000000 -1.00000000 -0.84000000 -1.00000000 -1.00000000
0.00000000 -0.41353383 -0.78571429 -1.00000000 -0.23076923 -0.25000000 -0.85964912 -1.00000000 -1.00000000 -1.00000000 -1.00000000 0.00000000 -0.82000000 -1.00000000 -1.00000000
1.00000000 -0.71669173 -1.00000000 0.00000000 0.84615385 -0.25000000 -0.99403509 1.00000000 -1.00000000 -1.00000000 -1.00000000 0.00000000 -1.00000000 -1.00000000 1.00000000
1.00000000 -0.56150376 -0.64285714 0.00000000 0.23076923 -0.25000000 -0.22807018 1.00000000 -1.00000000 -1.00000000 1.00000000 0.00000000 -0.93000000 -1.00000000 1.00000000
1.00000000 -0.58135338 -0.85714286 0.00000000 1.00000000 0.75000000 -0.92982456 1.00000000 1.00000000 -0.88059701 -1.00000000 0.00000000 -0.86000000 -0.84912000 1.00000000
1.00000000 -0.66676692 -0.80357143 0.00000000 0.07692308 -0.25000000 -0.84210526 1.00000000 1.00000000 -0.82089552 -1.00000000 0.00000000 -0.81600000 -0.98800000 1.00000000
1.00000000 -0.71428571 -0.09821429 0.00000000 0.07692308 -0.25000000 -0.99122807 -1.00000000 1.00000000 -0.94029851 -1.00000000 0.00000000 -1.00000000 -0.88896000 -1.00000000
0.00000000 0.17533835 0.07142857 0.00000000 0.07692308 -0.25000000 -0.61403509 1.00000000 1.00000000 -0.58208955 -1.00000000 0.00000000 -1.00000000 -0.95600000 1.00000000
0.00000000 0.00000000 -0.07142857 0.00000000 -0.69230769 0.00000000 -0.63754386 1.00000000 1.00000000 -0.73134328 1.00000000 0.00000000 -1.00000000 -1.00000000 1.00000000
0.00000000 -0.82195489 -0.98500000 0.00000000 0.53846154 0.75000000 -0.97964912 1.00000000 1.00000000 -0.67164179 -1.00000000 0.00000000 -0.92000000 -0.99802000 1.00000000
0.00000000 -0.84721805 -0.31857143 0.00000000 -0.23076923 -0.25000000 -0.99403509 1.00000000 -1.00000000 -1.00000000 -1.00000000 0.00000000 -0.90000000 -1.00000000 1.00000000
1.00000000 0.37593985 -0.80357143 0.00000000 0.23076923 -0.25000000 -0.87719298 1.00000000 1.00000000 -0.85074627 1.00000000 0.00000000 -0.94000000 -0.99884000 1.00000000
0.00000000 -0.83699248 -0.95821429 -1.00000000 -0.23076923 -0.25000000 -0.95894737 1.00000000 -1.00000000 -1.00000000 1.00000000 0.00000000 -0.84000000 -1.00000000 -1.00000000
1.00000000 -0.63909774 -0.94642857 0.00000000 0.07692308 0.00000000 -0.98245614 1.00000000 -1.00000000 -1.00000000 -1.00000000 0.00000000 -0.65100000 -0.99954000 1.00000000
1.00000000 -0.66917293 -0.96142857 0.00000000 -0.07692308 -0.25000000 -0.92982456 -1.00000000 -1.00000000 -1.00000000 1.00000000 0.00000000 -0.88000000 -0.99998000 -1.00000000
1.00000000 -0.33834586 -0.82750000 0.00000000 0.23076923 -0.25000000 -0.99122807 -1.00000000 1.00000000 -0.94029851 -1.00000000 0.00000000 -0.78000000 -0.99998000 -1.00000000
1.00000000 -0.70436090 -0.96714286 -1.00000000 0.23076923 -0.25000000 -0.81578947 1.00000000 1.00000000 -0.82089552 1.00000000 0.00000000 -0.79200000 -0.99306000 -1.00000000
0.00000000 -0.88481203 -0.35714286 0.00000000 -0.23076923 -0.25000000 -0.90350877 1.00000000 -1.00000000 -1.00000000 1.00000000 0.00000000 -1.00000000 -1.00000000 1.00000000
1.00000000 -0.53383459 -0.07142857 0.00000000 -0.84615385 0.75000000 -0.96491228 -1.00000000 -1.00000000 -1.00000000 -1.00000000 0.00000000 -0.77200000 -1.00000000 -1.00000000
1.00000000 -0.36842105 -0.82142857 0.00000000 0.84615385 0.00000000 -0.96491228 -1.00000000 -1.00000000 -1.00000000 -1.00000000 0.00000000 -0.65200000 -1.00000000 -1.00000000
1.00000000 -0.23548872 -0.82142857 -1.00000000 -0.69230769 0.75000000 -0.29824561 -1.00000000 -1.00000000 -1.00000000 1.00000000 -1.00000000 -0.80000000 -1.00000000 -1.00000000
1.00000000 0.51368421 0.42857143 0.00000000 1.00000000 0.75000000 0.22807018 1.00000000 1.00000000 -0.73134328 1.00000000 0.00000000 -1.00000000 -0.98000000 1.00000000
