	ÀActivationFun=sin
InputWeight
Row=20 Collumn=3
0.20115253574362169 0.49852599662785546 -0.6139297162012962 
-0.7899366918189543 0.5676842237669257 -0.6636268584475127 
0.8431163776585577 0.4948296516228088 -0.7172481743324179 
-0.7435809807861462 0.02365444770326497 -0.7639616258123325 
-0.7291688409305155 0.7849773036104224 0.804045850790049 
0.16275386101094425 -0.34899511758569823 -0.7251049722036476 
0.6900361381261544 0.699550795373326 -0.31742481321798777 
-0.6621610223310845 -0.7651965211073315 0.4406102913954455 
-0.3931430266928724 -0.400769087376992 0.316597597660937 
0.4325800768933932 -0.1562898226692273 0.8305804248145345 
-0.8191845238049846 -0.3187023778813072 -0.21543038143651594 
0.7502920870726011 0.9658131769854874 -0.1849442552995333 
-0.23056241282118206 0.08285143460930011 0.8087058400359848 
0.4171658312164266 0.743504192612745 0.8276228736418412 
0.5668622423840846 -0.8168459724069297 -0.4402340887092069 
-0.887679351425702 -0.30724853639328553 0.7630026663586225 
-0.07278490093191192 -0.5074583523053957 -0.13574534948030137 
-0.08357262159985224 -0.4001243571069122 -0.8924221264340257 
0.5995060671650829 0.43925945248334 -0.43983511231339567 
0.714053421163586 0.27478155553415196 -0.7884204294919619 
BiasofHiddenNeurons
Row=20 Collumn=1
0.8353813170647679 
0.1463799684249657 
0.357953029626221 
0.8366643315655706 
0.27618696376054674 
0.3301960544050464 
0.42405196678711776 
0.025349392780827262 
0.6452362005177901 
0.658356395569619 
0.8830849336848824 
0.3683427853644813 
0.4911586587610999 
0.3095028254851335 
0.01314551923925189 
0.18588066211921406 
0.5531187681371039 
0.6497510393376809 
0.9814018875685443 
0.6878535217904812 
OutputWeight
Row=20 Collumn=2
15.454207049414059 -15.454207049414059 
-9.090230820537952 9.090230820537952 
0.888667875338248 -0.888667875338248 
5.461997844351969 -5.461997844351969 
2.5112275998869045 -2.5112275998869045 
16.745273567116875 -16.745273567116875 
40.994109589660084 -40.994109589660084 
2.395027242442004 -2.395027242442004 
14.308041847576996 -14.308041847576996 
-11.506558192743581 11.506558192743581 
5.262493420735128 -5.262493420735128 
-15.55604063089108 15.55604063089108 
10.260247373394797 -10.260247373394797 
3.0265940692354416 -3.0265940692354416 
11.293267812332438 -11.293267812332438 
3.7107609943082913 -3.7107609943082913 
-18.11517023183728 18.11517023183728 
-9.572620947739436 9.572620947739436 
-32.23503872694415 32.23503872694415 
-3.205421425436946 3.205421425436946 
