	ÆActivationFun=sin
InputWeight
Row=20 Collumn=3
-0.28001780848775537 -0.8991865790675488 -0.7808437338054302 
-0.001244298643457542 0.5762654435068342 -0.5137603778242403 
-0.620324588634021 0.2758011613765605 0.5258952750321728 
0.130411130797071 -0.7237626383658977 0.2486131618353391 
0.2547167301414266 0.24139807448907202 0.11144990760169149 
-0.14921733001677118 0.5153935439007908 -0.45171189014877977 
0.767470601708049 -0.34744096631656474 -0.3893397740186959 
0.543054429989603 0.7594364186521576 -0.8738435370341613 
0.8102308959822058 -0.0824907262114043 0.09181899911592861 
-0.7925048792896541 -0.23460938736225856 -0.17568932870177822 
0.2155204018856669 0.33119509443953343 0.14349842532515855 
-0.7976833151855458 0.4729772602486566 0.008221051245955291 
0.4253338986386215 0.08041207009188134 0.1704946312097002 
0.9706517013814964 0.09142271400071578 -0.4897420327914719 
-0.2685160746262414 -0.07437171326204073 -0.7308201882310317 
0.5772449958072015 -0.7387678887244522 0.04061265816445725 
0.3209109096988534 -0.19974284996532843 -0.7067166689834776 
-0.5753352735862796 0.8234179501677292 -0.8453165306972938 
0.4894655382130908 -0.9244728876297581 0.9231555758163936 
0.9394401348994743 0.630050479989738 -0.9701178102722008 
BiasofHiddenNeurons
Row=20 Collumn=1
0.5732947527234108 
0.8787985476204597 
0.6787426988479466 
0.8921128809178676 
0.20180579648179975 
0.49576392919000667 
0.4132954493481513 
0.22318972659860659 
0.0712836959140013 
0.6636662091778286 
0.8330349804389503 
0.7663706648705841 
0.6993288630464287 
0.05980454685162173 
0.23531424632576747 
0.4219767777396809 
0.41158852824978964 
0.34324020593576277 
0.7099794482364293 
0.7158716755064224 
OutputWeight
Row=20 Collumn=2
1.2662511468580755 -1.2662511468580755 
-22.874699873196427 22.874699873196427 
-2.378102146938923 2.378102146938923 
-7.081381381390189 7.081381381390189 
1.5037450412364666 -1.5037450412364666 
40.0945455675098 -40.0945455675098 
5.895950933644615 -5.895950933644615 
-2.9670523471656045 2.9670523471656045 
-10.690573470174808 10.690573470174808 
-3.150113547557029 3.150113547557029 
3.564034256427255 -3.564034256427255 
-8.981870869077168 8.981870869077168 
6.0530851029701465 -6.0530851029701465 
-8.11495055974263 8.11495055974263 
-0.21691160851088687 0.21691160851088687 
15.619199497505464 -15.619199497505464 
-10.3979203214604 10.3979203214604 
-2.1096595869988786 2.1096595869988786 
1.3989846932128494 -1.3989846932128494 
5.1567760123313136 -5.1567760123313136 
