	¿ActivationFun=sin
InputWeight
Row=20 Collumn=3
0.41384672508238696 0.8948139180459687 0.3681872284315657 
0.5975985542934787 -0.7208998048158943 0.11031098498178848 
0.44863174430045993 -0.07247472395280963 -0.8532913051470232 
0.09878322139667262 -0.4199113270463588 -0.2573670713051457 
0.28596108232949824 -0.5577197319450697 -0.28945529816716764 
0.8447714037481846 0.886721755438983 0.3805436188309692 
-0.42065328406722147 0.5224457274778564 0.8055704365391938 
-0.35072629542671097 -0.9252146712837122 0.8860633065384873 
-0.6256776806143045 -0.439336747872201 -0.7702273849302925 
0.7235533668549701 -0.9990308507192123 -0.11319627847938518 
-0.12430615421995728 0.39106837428755314 -0.7362134159805078 
0.030402009765897464 0.9764679542277512 0.4585548194190463 
-0.26744503118310115 0.9535702240641528 -0.7706972042223283 
0.09755912960110869 -0.15345506277747378 -0.615717905535919 
0.6455853366092359 0.5287128344950012 0.8371216410578595 
0.9314157412147805 0.514799946561157 0.2389184732688585 
-0.09647552134740778 -0.08686848458217344 0.40632080444015295 
0.13333683418210285 0.6335830811149394 -0.06033873872935058 
-0.32162190276070035 0.30485335441705397 0.006832468051992668 
0.590414435394377 0.3404498524458013 -0.316219693024794 
BiasofHiddenNeurons
Row=20 Collumn=1
0.11284709196457976 
0.4433167882945783 
0.02739283499263423 
0.236564495312502 
0.04554652145131821 
0.34232990345204983 
0.7823601552799326 
0.9899324214252343 
0.8360408538714944 
0.3005991810737054 
0.9509448563160744 
0.6100679300610766 
0.8073749265792095 
0.8154004507034908 
0.6757068698161197 
0.2532716742909259 
0.2969482480316328 
0.6135549558720751 
0.1717820683694089 
0.5590510862350477 
OutputWeight
Row=20 Collumn=2
-2.01342695452618 2.01342695452618 
-8.833516094898425 8.833516094898425 
-17.74414407335184 17.74414407335184 
18.623109330020974 -18.623109330020974 
-86.97657650223661 86.97657650223661 
5.100369295551762 -5.100369295551762 
-16.349451339737914 16.349451339737914 
0.9154000598888463 -0.9154000598888463 
-2.1709491584079674 2.1709491584079674 
22.25793384919983 -22.25793384919983 
-23.02992910330243 23.02992910330243 
-2.5448825780428668 2.5448825780428668 
8.409176116797758 -8.409176116797758 
50.27103017217293 -50.27103017217293 
2.786351011708266 -2.786351011708266 
-9.657734221344295 9.657734221344295 
-14.906136355426622 14.906136355426622 
-16.29080070490584 16.29080070490584 
-36.92085407141132 36.92085407141132 
12.258222583610403 -12.258222583610403 
