	ÏActivationFun=sin
InputWeight
Row=20 Collumn=3
-0.6930614026101702 0.12420150087454562 0.9889366810550833 
-0.5835854039493416 0.898899192137389 -0.5708518968812344 
0.551774099181144 -0.6852075242395701 0.6116318316799962 
-0.06934390889024122 -0.9376420291640963 0.24684611743251583 
0.9404536076560039 -0.041616042206671366 -0.9587404824105201 
0.4597481721000627 0.18070509287052228 0.4793870642312663 
0.9648065730962077 0.05438170019309552 -0.2531912522130264 
-0.23730957526968544 0.726530334827935 -0.885150520568112 
-0.31116167777098935 0.4124700165516708 -0.55980336166281 
0.16243229242392054 0.8671105051634753 0.029669243286209568 
-0.9775279894125013 -0.6645745127394378 -0.408987996401748 
-0.9392949984163566 -0.6297735155113429 -0.7236406745338797 
0.436478043617168 0.7532470194420666 0.88692915200839 
-0.6493119463358847 -0.5727573917636963 0.562880757186526 
-0.38545553383119535 -0.4738900167175426 0.7981828328118523 
-0.15920638638586504 -0.7082078885543934 -0.9907402275959971 
0.15478332622846214 -0.8185490836731972 -0.7134158579523282 
-0.43340882198305186 -0.9990502382301942 0.4205583362893204 
-0.4600912594576161 0.34884765973264065 0.3281035145131379 
0.9474329651179179 -0.5896192508419726 -0.006404268366726473 
BiasofHiddenNeurons
Row=20 Collumn=1
0.6208464280436256 
0.36611784372585987 
0.8115668875583044 
0.8989372648476517 
0.723479449152534 
0.13367199875547853 
0.20184075354375408 
0.9165462116148877 
0.9119989761360368 
0.24173680255613628 
0.1584141068032615 
0.008440538627572214 
0.6464324489877135 
0.8124923355257996 
0.6663313200321377 
0.1808465743012463 
0.3513325387588322 
0.5275683296311714 
0.10306091706650822 
0.4437555350859467 
OutputWeight
Row=20 Collumn=2
-5.710535622953402 5.710535622953402 
-10.422497230025911 10.422497230025911 
-3.544493777251691 3.544493777251691 
-1.1270168585994027 1.1270168585994027 
-0.33402758102774427 0.33402758102774427 
-3.771372789034892 3.771372789034892 
0.9117806246520643 -0.9117806246520643 
11.333903898908916 -11.333903898908916 
-7.461056922361094 7.461056922361094 
0.5520018422767785 -0.5520018422767785 
0.7365440753085649 -0.7365440753085649 
1.3599264547935255 -1.3599264547935255 
0.060604315201939096 -0.060604315201939096 
4.688767432113457 -4.688767432113457 
0.5232943642848503 -0.5232943642848503 
-7.318651237514405 7.318651237514405 
9.799799989212293 -9.799799989212293 
-4.4061256840260885 4.4061256840260885 
19.256707988438297 -19.256707988438297 
4.865938449781649 -4.865938449781649 
