Data Size: 500
0.021000 0.004000 0.972000 0.000004
0.031778 0.005490 0.934000 0.000000
1.056536 0.009085 0.950400 0.001132
--------------------end-----------------------
Data Size: 750
0.020000 0.006000 0.971867 0.000002
0.058253 0.010762 0.936000 0.000000
1.198002 0.008814 0.920667 0.005319
--------------------end-----------------------
Data Size: 1000
0.034000 0.007000 0.971800 0.000002
0.085656 0.016977 0.943000 0.000000
1.584488 0.008385 0.951000 0.000501
--------------------end-----------------------
Data Size: 1250
0.030000 0.009000 0.971520 0.000001
0.119030 0.024711 0.945600 0.000000
1.812719 0.008373 0.954560 0.000294
--------------------end-----------------------
Data Size: 1500
0.044000 0.010000 0.972133 0.000001
0.160575 0.033241 0.951333 0.000000
2.055299 0.009574 0.950133 0.000691
--------------------end-----------------------
Data Size: 1750
0.048000 0.013000 0.971829 0.000001
0.209506 0.041541 0.951429 0.000000
1.871973 0.009447 0.944571 0.002602
--------------------end-----------------------
Data Size: 2000
0.051000 0.013000 0.973900 0.000001
0.254383 0.053373 0.955000 0.000000
3.322144 0.008615 0.948100 0.000462
--------------------end-----------------------
Data Size: 2250
0.064000 0.014000 0.973689 0.000001
0.305701 0.062790 0.951111 0.000000
1.845017 0.009364 0.946000 0.001733
--------------------end-----------------------
Data Size: 2500
0.060000 0.014000 0.974880 0.000001
0.367712 0.075438 0.953200 0.000000
3.640780 0.009139 0.953520 0.000298
--------------------end-----------------------
Data Size: 2750
0.071000 0.016000 0.975382 0.000000
0.434042 0.087978 0.952000 0.000000
4.349534 0.009032 0.957345 0.000263
--------------------end-----------------------
Data Size: 3000
0.073000 0.019000 0.974500 0.000001
0.468561 0.100340 0.952333 0.000000
3.289213 0.009218 0.961800 0.000124
--------------------end-----------------------
