3.2888088857442057E-4
4.956212185467624E-4
3.2888088857442057E-4
3.2888088857442057E-4
3.2888088857442057E-4
3.2888088857442057E-4
6.510612664729913E-4
4.956212185467624E-4
3.2888088857442057E-4
4.956212185467624E-4
4.956212185467624E-4
3.2888088857442057E-4
4.956212185467624E-4
3.2888088857442057E-4
6.510612664729913E-4
3.2888088857442057E-4
9.015193902437367E-4
3.2888088857442057E-4
4.956212185467624E-4
0.0010989644462372078
3.2888088857442057E-4
9.015193902437365E-4
5.982239804013869E-4
3.2888088857442057E-4
5.98223980401387E-4
3.2888088857442057E-4
4.956212185467624E-4
3.2888088857442057E-4
4.956212185467624E-4
3.2888088857442057E-4
5.98223980401387E-4
8.977917322982325E-4
6.510612664729913E-4
0.0010881505832659477
3.2888088857442057E-4
6.510612664729913E-4
3.2888088857442057E-4
0.0012888580255872727
3.2888088857442057E-4
0.0013529659150813508
3.2888088857442057E-4
7.292432003818411E-4
3.2888088857442057E-4
5.98223980401387E-4
3.2888088857442057E-4
6.510612664729913E-4
3.2888088857442057E-4
3.2888088857442057E-4
6.510612664729913E-4
4.956212185467624E-4
4.956212185467624E-4
3.2888088857442057E-4
3.2888088857442057E-4
3.2888088857442057E-4
3.2888088857442057E-4
4.956212185467624E-4
0.002145224509796911
8.552514638987794E-4
0.0015556754823771606
4.956212185467624E-4
3.2888088857442057E-4
0.00175980351196056
3.2888088857442057E-4
3.2888088857442057E-4
4.956212185467624E-4
3.2888088857442057E-4
3.2888088857442057E-4
0.0012888580255872725
3.2888088857442057E-4
3.2888088857442057E-4
6.510612664729913E-4
5.982239804013869E-4
6.510612664729913E-4
3.2888088857442057E-4
4.956212185467624E-4
3.2888088857442057E-4
7.292432003818411E-4
4.956212185467624E-4
3.2888088857442057E-4
0.0013529659150813508
3.2888088857442057E-4
8.552514638987794E-4
4.956212185467624E-4
3.2888088857442057E-4
3.2888088857442057E-4
5.98223980401387E-4
8.977917322982325E-4
7.292432003818411E-4
3.2888088857442057E-4
4.956212185467624E-4
3.2888088857442057E-4
4.956212185467624E-4
4.956212185467624E-4
3.2888088857442057E-4
3.2888088857442057E-4
3.2888088857442057E-4
3.2888088857442057E-4
0.0013264704188317542
7.292432003818411E-4
3.2888088857442057E-4
4.956212185467624E-4
3.2888088857442057E-4
3.2888088857442057E-4
5.98223980401387E-4
4.956212185467624E-4
4.956212185467624E-4
4.956212185467624E-4
0.0010989644462372078
0.0013529659150813508
0.0034352099735441457
3.2888088857442057E-4
8.552514638987794E-4
6.510612664729913E-4
3.2888088857442057E-4
3.2888088857442057E-4
6.510612664729913E-4
5.98223980401387E-4
4.956212185467624E-4
5.98223980401387E-4
3.2888088857442057E-4
3.2888088857442057E-4
0.0017772921521610424
0.0034352099735441457
3.2888088857442057E-4
4.956212185467624E-4
4.956212185467624E-4
0.0017772921521610426
7.468977395997064E-4
4.956212185467624E-4
9.811448139678846E-4
5.98223980401387E-4
6.510612664729913E-4
0.0017772921521610424
3.2888088857442057E-4
3.2888088857442057E-4
4.956212185467624E-4
5.982239804013869E-4
3.2888088857442057E-4
3.2888088857442057E-4
3.2888088857442057E-4
4.956212185467624E-4
6.510612664729913E-4
3.2888088857442057E-4
4.956212185467624E-4
4.956212185467624E-4
3.2888088857442057E-4
4.956212185467624E-4
3.2888088857442057E-4
9.015193902437367E-4
3.2888088857442057E-4
3.2888088857442057E-4
0.002334698427301697
3.2888088857442057E-4
3.2888088857442057E-4
4.956212185467624E-4
3.2888088857442057E-4
3.2888088857442057E-4
3.2888088857442057E-4
3.2888088857442057E-4
3.2888088857442057E-4
7.468977395997064E-4
9.811448139678846E-4
3.2888088857442057E-4
3.2888088857442057E-4
4.956212185467624E-4
3.2888088857442057E-4
3.2888088857442057E-4
3.2888088857442057E-4
5.982239804013869E-4
5.98223980401387E-4
0.0010989644462372078
7.468977395997064E-4
6.510612664729913E-4
3.2888088857442057E-4
4.956212185467624E-4
3.2888088857442057E-4
3.2888088857442057E-4
3.2888088857442057E-4
3.2888088857442057E-4
3.2888088857442057E-4
3.2888088857442057E-4
6.510612664729913E-4
0.0030669221938651268
3.2888088857442057E-4
4.956212185467624E-4
3.2888088857442057E-4
3.2888088857442057E-4
3.2888088857442057E-4
4.956212185467624E-4
5.98223980401387E-4
0.0018963896545288923
3.2888088857442057E-4
3.2888088857442057E-4
4.956212185467624E-4
4.956212185467624E-4
4.956212185467624E-4
5.982239804013869E-4
3.2888088857442057E-4
3.2888088857442057E-4
3.2888088857442057E-4
4.956212185467624E-4
3.2888088857442057E-4
3.2888088857442057E-4
3.2888088857442057E-4
3.2888088857442057E-4
3.2888088857442057E-4
5.98223980401387E-4
3.2888088857442057E-4
3.2888088857442057E-4
3.2888088857442057E-4
4.956212185467624E-4
4.956212185467624E-4
3.2888088857442057E-4
3.2888088857442057E-4
5.98223980401387E-4
4.956212185467624E-4
6.510612664729913E-4
8.977917322982325E-4
3.2888088857442057E-4
4.956212185467624E-4
6.510612664729913E-4
4.956212185467624E-4
3.2888088857442057E-4
5.98223980401387E-4
3.2888088857442057E-4
6.510612664729913E-4
3.2888088857442057E-4
3.2888088857442057E-4
3.2888088857442057E-4
3.2888088857442057E-4
4.956212185467624E-4
3.2888088857442057E-4
4.956212185467624E-4
3.2888088857442057E-4
3.2888088857442057E-4
4.956212185467624E-4
3.2888088857442057E-4
8.552514638987794E-4
3.2888088857442057E-4
3.2888088857442057E-4
3.2888088857442057E-4
6.510612664729913E-4
3.2888088857442057E-4
5.982239804013869E-4
6.510612664729913E-4
0.0018963896545288927
7.292432003818411E-4
3.2888088857442057E-4
3.2888088857442057E-4
3.2888088857442057E-4
4.956212185467624E-4
3.2888088857442057E-4
3.2888088857442057E-4
8.977917322982325E-4
3.2888088857442057E-4
5.98223980401387E-4
4.956212185467624E-4
3.2888088857442057E-4
3.2888088857442057E-4
5.982239804013869E-4
4.956212185467624E-4
9.674733238571343E-4
5.982239804013869E-4
3.2888088857442057E-4
3.2888088857442057E-4
3.2888088857442057E-4
5.982239804013869E-4
8.977917322982325E-4
3.2888088857442057E-4
3.2888088857442057E-4
3.2888088857442057E-4
3.2888088857442057E-4
0.0010989644462372078
7.292432003818411E-4
3.2888088857442057E-4
3.2888088857442057E-4
3.2888088857442057E-4
3.2888088857442057E-4
3.2888088857442057E-4
9.015193902437367E-4
6.510612664729913E-4
4.956212185467624E-4
3.2888088857442057E-4
4.956212185467624E-4
3.2888088857442057E-4
3.2888088857442057E-4
3.2888088857442057E-4
3.2888088857442057E-4
3.2888088857442057E-4
4.956212185467624E-4
6.510612664729913E-4
3.2888088857442057E-4
4.956212185467624E-4
3.2888088857442057E-4
5.98223980401387E-4
3.2888088857442057E-4
4.956212185467624E-4
6.510612664729913E-4
5.98223980401387E-4
3.2888088857442057E-4
3.2888088857442057E-4
0.0012708987911296016
5.982239804013869E-4
3.2888088857442057E-4
3.2888088857442057E-4
3.2888088857442057E-4
3.2888088857442057E-4
3.2888088857442057E-4
3.2888088857442057E-4
3.2888088857442057E-4
4.956212185467624E-4
3.2888088857442057E-4
3.2888088857442057E-4
6.510612664729913E-4
3.2888088857442057E-4
6.510612664729913E-4
5.982239804013869E-4
4.956212185467624E-4
3.2888088857442057E-4
3.2888088857442057E-4
3.2888088857442057E-4
9.674733238571343E-4
4.956212185467624E-4
3.2888088857442057E-4
3.2888088857442057E-4
3.2888088857442057E-4
3.2888088857442057E-4
4.956212185467624E-4
4.956212185467624E-4
9.674733238571343E-4
3.2888088857442057E-4
4.956212185467624E-4
0.0015711355315219065
3.2888088857442057E-4
3.2888088857442057E-4
3.2888088857442057E-4
6.510612664729913E-4
0.0016930783167499845
3.2888088857442057E-4
3.2888088857442057E-4
9.015193902437365E-4
3.2888088857442057E-4
9.674733238571343E-4
3.2888088857442057E-4
5.98223980401387E-4
4.956212185467624E-4
8.552514638987794E-4
0.0013529659150813508
3.2888088857442057E-4
4.956212185467624E-4
3.2888088857442057E-4
7.468977395997064E-4
3.2888088857442057E-4
6.510612664729913E-4
3.2888088857442057E-4
5.982239804013869E-4
3.2888088857442057E-4
9.015193902437367E-4
3.2888088857442057E-4
3.2888088857442057E-4
3.2888088857442057E-4
4.956212185467624E-4
7.468977395997064E-4
3.2888088857442057E-4
3.2888088857442057E-4
3.2888088857442057E-4
3.2888088857442057E-4
4.956212185467624E-4
4.956212185467624E-4
3.2888088857442057E-4
3.2888088857442057E-4
6.510612664729913E-4
4.956212185467624E-4
4.956212185467624E-4
3.2888088857442057E-4
3.2888088857442057E-4
3.2888088857442057E-4
9.015193902437365E-4
3.2888088857442057E-4
3.2888088857442057E-4
3.2888088857442057E-4
3.2888088857442057E-4
4.956212185467624E-4
6.510612664729913E-4
3.2888088857442057E-4
4.956212185467624E-4
9.811448139678846E-4
3.2888088857442057E-4
6.510612664729913E-4
6.510612664729913E-4
3.2888088857442057E-4
8.552514638987794E-4
4.956212185467624E-4
3.2888088857442057E-4
3.2888088857442057E-4
6.510612664729913E-4
7.468977395997064E-4
4.956212185467624E-4
6.510612664729913E-4
3.2888088857442057E-4
6.510612664729913E-4
3.2888088857442057E-4
5.982239804013869E-4
3.2888088857442057E-4
3.2888088857442057E-4
6.510612664729913E-4
3.2888088857442057E-4
3.2888088857442057E-4
3.2888088857442057E-4
4.956212185467624E-4
6.510612664729913E-4
0.001616985552454238
3.2888088857442057E-4
3.2888088857442057E-4
4.956212185467624E-4
4.956212185467624E-4
4.956212185467624E-4
4.956212185467624E-4
4.956212185467624E-4
3.2888088857442057E-4
3.2888088857442057E-4
4.956212185467624E-4
4.956212185467624E-4
7.468977395997064E-4
3.2888088857442057E-4
3.2888088857442057E-4
3.2888088857442057E-4
3.2888088857442057E-4
9.811448139678846E-4
4.956212185467624E-4
3.2888088857442057E-4
3.2888088857442057E-4
0.0014436290404876574
3.2888088857442057E-4
3.2888088857442057E-4
3.2888088857442057E-4
0.0014436290404876572
0.0015711355315219065
3.2888088857442057E-4
3.2888088857442057E-4
8.977917322982325E-4
3.2888088857442057E-4
3.2888088857442057E-4
4.956212185467624E-4
4.956212185467624E-4
3.2888088857442057E-4
3.2888088857442057E-4
4.956212185467624E-4
3.2888088857442057E-4
3.2888088857442057E-4
9.674733238571343E-4
8.552514638987794E-4
6.510612664729913E-4
9.015193902437367E-4
3.2888088857442057E-4
0.004028790885036652
6.510612664729913E-4
6.510612664729913E-4
3.2888088857442057E-4
3.2888088857442057E-4
4.956212185467624E-4
8.552514638987794E-4
3.2888088857442057E-4
9.015193902437367E-4
3.2888088857442057E-4
5.982239804013869E-4
4.956212185467624E-4
3.2888088857442057E-4
3.2888088857442057E-4
3.2888088857442057E-4
3.2888088857442057E-4
0.0010989644462372078
0.0014436290404876572
3.2888088857442057E-4
3.2888088857442057E-4
4.956212185467624E-4
3.2888088857442057E-4
0.00175980351196056
0.001179363191860435
6.510612664729913E-4
0.00163305489107304
3.2888088857442057E-4
3.2888088857442057E-4
9.674733238571343E-4
3.2888088857442057E-4
3.2888088857442057E-4
4.956212185467624E-4
9.015193902437367E-4
3.2888088857442057E-4
3.2888088857442057E-4
0.0014436290404876572
3.2888088857442057E-4
3.2888088857442057E-4
6.510612664729913E-4
3.2888088857442057E-4
5.982239804013869E-4
7.468977395997064E-4
0.0030669221938651268
5.982239804013869E-4
4.956212185467624E-4
6.510612664729913E-4
3.2888088857442057E-4
3.2888088857442057E-4
5.98223980401387E-4
0.0013264704188317542
0.001179363191860435
4.956212185467624E-4
9.811448139678846E-4
5.982239804013869E-4
3.2888088857442057E-4
5.98223980401387E-4
4.956212185467624E-4
3.2888088857442057E-4
0.0013264704188317542
4.956212185467624E-4
3.2888088857442057E-4
3.2888088857442057E-4
4.956212185467624E-4
6.510612664729913E-4
3.2888088857442057E-4
0.0013264704188317542
9.015193902437367E-4
3.2888088857442057E-4
6.510612664729913E-4
3.2888088857442057E-4
6.510612664729913E-4
3.2888088857442057E-4
4.956212185467624E-4
3.2888088857442057E-4
3.2888088857442057E-4
4.956212185467624E-4
3.2888088857442057E-4
4.956212185467624E-4
3.2888088857442057E-4
3.2888088857442057E-4
3.2888088857442057E-4
3.2888088857442057E-4
3.2888088857442057E-4
4.956212185467624E-4
3.2888088857442057E-4
3.2888088857442057E-4
4.956212185467624E-4
3.2888088857442057E-4
6.510612664729913E-4
3.2888088857442057E-4
0.0015711355315219065
5.98223980401387E-4
0.0012888580255872725
0.0012888580255872725
3.2888088857442057E-4
4.956212185467624E-4
3.2888088857442057E-4
0.0017772921521610424
3.2888088857442057E-4
4.956212185467624E-4
3.2888088857442057E-4
4.956212185467624E-4
8.552514638987794E-4
3.2888088857442057E-4
3.2888088857442057E-4
4.956212185467624E-4
3.2888088857442057E-4
3.2888088857442057E-4
3.2888088857442057E-4
3.2888088857442057E-4
3.2888088857442057E-4
0.0015492429794989459
9.015193902437367E-4
3.2888088857442057E-4
4.956212185467624E-4
3.2888088857442057E-4
3.2888088857442057E-4
3.2888088857442057E-4
3.2888088857442057E-4
4.956212185467624E-4
5.982239804013869E-4
8.977917322982325E-4
4.956212185467624E-4
3.2888088857442057E-4
6.510612664729913E-4
0.0016930783167499845
3.2888088857442057E-4
9.674733238571343E-4
4.956212185467624E-4
3.2888088857442057E-4
4.956212185467624E-4
3.2888088857442057E-4
3.2888088857442057E-4
5.982239804013869E-4
9.015193902437367E-4
3.2888088857442057E-4
4.956212185467624E-4
6.510612664729913E-4
3.2888088857442057E-4
3.2888088857442057E-4
3.2888088857442057E-4
3.2888088857442057E-4
6.510612664729913E-4
4.956212185467624E-4
4.956212185467624E-4
5.982239804013869E-4
5.98223980401387E-4
3.2888088857442057E-4
4.956212185467624E-4
3.2888088857442057E-4
4.956212185467624E-4
3.2888088857442057E-4
4.956212185467624E-4
3.2888088857442057E-4
8.552514638987794E-4
4.956212185467624E-4
4.956212185467624E-4
5.982239804013869E-4
6.510612664729913E-4
4.956212185467624E-4
3.2888088857442057E-4
9.811448139678846E-4
7.292432003818411E-4
7.468977395997064E-4
4.956212185467624E-4
3.2888088857442057E-4
5.982239804013869E-4
0.0013529659150813508
3.2888088857442057E-4
4.956212185467624E-4
3.2888088857442057E-4
3.2888088857442057E-4
3.2888088857442057E-4
8.552514638987794E-4
3.2888088857442057E-4
3.2888088857442057E-4
4.956212185467624E-4
9.811448139678846E-4
3.2888088857442057E-4
3.2888088857442057E-4
3.2888088857442057E-4
6.510612664729913E-4
8.552514638987794E-4
4.956212185467624E-4
3.2888088857442057E-4
3.2888088857442057E-4
3.2888088857442057E-4
5.982239804013869E-4
9.674733238571343E-4
3.2888088857442057E-4
7.292432003818411E-4
3.2888088857442057E-4
4.956212185467624E-4
3.2888088857442057E-4
3.2888088857442057E-4
3.2888088857442057E-4
4.956212185467624E-4
9.015193902437367E-4
8.977917322982325E-4
3.2888088857442057E-4
3.2888088857442057E-4
3.2888088857442057E-4
4.956212185467624E-4
4.956212185467624E-4
5.98223980401387E-4
3.2888088857442057E-4
3.2888088857442057E-4
0.0012708987911296016
5.982239804013869E-4
3.2888088857442057E-4
5.98223980401387E-4
3.2888088857442057E-4
3.2888088857442057E-4
3.2888088857442057E-4
4.956212185467624E-4
3.2888088857442057E-4
5.98223980401387E-4
4.956212185467624E-4
0.001184259942871407
3.2888088857442057E-4
4.956212185467624E-4
7.292432003818411E-4
3.2888088857442057E-4
4.956212185467624E-4
3.2888088857442057E-4
6.510612664729913E-4
5.98223980401387E-4
3.2888088857442057E-4
9.811448139678846E-4
5.982239804013869E-4
8.977917322982325E-4
5.982239804013869E-4
4.956212185467624E-4
5.98223980401387E-4
3.2888088857442057E-4
3.2888088857442057E-4
3.2888088857442057E-4
3.2888088857442057E-4
8.552514638987794E-4
3.2888088857442057E-4
3.2888088857442057E-4
9.015193902437367E-4
4.956212185467624E-4
0.0014436290404876574
5.98223980401387E-4
4.956212185467624E-4
3.2888088857442057E-4
3.2888088857442057E-4
4.956212185467624E-4
3.2888088857442057E-4
0.0012888580255872725
6.510612664729913E-4
3.2888088857442057E-4
3.2888088857442057E-4
3.2888088857442057E-4
5.98223980401387E-4
0.0010989644462372078
3.2888088857442057E-4
3.2888088857442057E-4
6.510612664729913E-4
4.956212185467624E-4
3.2888088857442057E-4
4.956212185467624E-4
3.2888088857442057E-4
3.2888088857442057E-4
4.956212185467624E-4
6.510612664729913E-4
8.552514638987794E-4
4.956212185467624E-4
5.98223980401387E-4
3.2888088857442057E-4
3.2888088857442057E-4
3.2888088857442057E-4
3.2888088857442057E-4
3.2888088857442057E-4
3.2888088857442057E-4
6.510612664729913E-4
3.2888088857442057E-4
3.2888088857442057E-4
3.2888088857442057E-4
4.956212185467624E-4
4.956212185467624E-4
3.2888088857442057E-4
3.2888088857442057E-4
3.2888088857442057E-4
4.956212185467624E-4
3.2888088857442057E-4
3.2888088857442057E-4
3.2888088857442057E-4
9.015193902437365E-4
3.2888088857442057E-4
4.956212185467624E-4
3.2888088857442057E-4
4.956212185467624E-4
6.510612664729913E-4
9.674733238571343E-4
3.2888088857442057E-4
3.2888088857442057E-4
3.2888088857442057E-4
3.2888088857442057E-4
0.0012888580255872725
4.956212185467624E-4
3.2888088857442057E-4
5.98223980401387E-4
4.956212185467624E-4
6.510612664729913E-4
3.2888088857442057E-4
3.2888088857442057E-4
3.2888088857442057E-4
3.2888088857442057E-4
3.2888088857442057E-4
4.956212185467624E-4
3.2888088857442057E-4
3.2888088857442057E-4
8.977917322982325E-4
3.2888088857442057E-4
4.956212185467624E-4
6.510612664729913E-4
3.2888088857442057E-4
0.001184259942871407
3.2888088857442057E-4
5.98223980401387E-4
7.468977395997064E-4
3.2888088857442057E-4
6.510612664729913E-4
3.2888088857442057E-4
3.2888088857442057E-4
4.956212185467624E-4
8.552514638987794E-4
9.811448139678846E-4
3.2888088857442057E-4
3.2888088857442057E-4
3.2888088857442057E-4
3.2888088857442057E-4
9.811448139678846E-4
3.2888088857442057E-4
3.2888088857442057E-4
3.2888088857442057E-4
4.956212185467624E-4
3.2888088857442057E-4
3.2888088857442057E-4
6.510612664729913E-4
3.2888088857442057E-4
3.2888088857442057E-4
3.2888088857442057E-4
6.510612664729913E-4
5.98223980401387E-4
8.552514638987794E-4
3.2888088857442057E-4
0.0019152356655310102
3.2888088857442057E-4
4.956212185467624E-4
3.2888088857442057E-4
3.2888088857442057E-4
3.2888088857442057E-4
4.956212185467624E-4
6.510612664729913E-4
4.956212185467624E-4
4.956212185467624E-4
4.956212185467624E-4
0.0013529659150813508
4.956212185467624E-4
4.956212185467624E-4
6.510612664729913E-4
5.98223980401387E-4
3.2888088857442057E-4
3.2888088857442057E-4
6.510612664729913E-4
6.510612664729913E-4
3.2888088857442057E-4
3.2888088857442057E-4
4.956212185467624E-4
0.0013264704188317544
4.956212185467624E-4
6.510612664729913E-4
3.2888088857442057E-4
6.510612664729913E-4
4.956212185467624E-4
3.2888088857442057E-4
3.2888088857442057E-4
3.2888088857442057E-4
3.2888088857442057E-4
3.2888088857442057E-4
4.956212185467624E-4
3.2888088857442057E-4
5.98223980401387E-4
3.2888088857442057E-4
6.510612664729913E-4
8.552514638987794E-4
3.2888088857442057E-4
4.956212185467624E-4
9.811448139678842E-4
3.2888088857442057E-4
5.982239804013869E-4
4.956212185467624E-4
4.956212185467624E-4
4.956212185467624E-4
3.2888088857442057E-4
0.0010989644462372078
3.2888088857442057E-4
3.2888088857442057E-4
4.956212185467624E-4
3.2888088857442057E-4
4.956212185467624E-4
3.2888088857442057E-4
3.2888088857442057E-4
6.510612664729913E-4
3.2888088857442057E-4
4.956212185467624E-4
4.956212185467624E-4
4.956212185467624E-4
3.2888088857442057E-4
5.98223980401387E-4
3.2888088857442057E-4
3.2888088857442057E-4
3.2888088857442057E-4
3.2888088857442057E-4
4.956212185467624E-4
3.2888088857442057E-4
3.2888088857442057E-4
0.0010989644462372078
0.0016930783167499845
6.510612664729913E-4
3.2888088857442057E-4
9.811448139678846E-4
3.2888088857442057E-4
3.2888088857442057E-4
3.2888088857442057E-4
6.510612664729913E-4
3.2888088857442057E-4
3.2888088857442057E-4
3.2888088857442057E-4
4.956212185467624E-4
4.956212185467624E-4
3.2888088857442057E-4
3.2888088857442057E-4
7.292432003818411E-4
3.2888088857442057E-4
3.2888088857442057E-4
3.2888088857442057E-4
4.956212185467624E-4
3.2888088857442057E-4
3.2888088857442057E-4
3.2888088857442057E-4
4.956212185467624E-4
3.2888088857442057E-4
5.982239804013869E-4
7.468977395997064E-4
3.2888088857442057E-4
9.674733238571343E-4
3.2888088857442057E-4
3.2888088857442057E-4
6.510612664729913E-4
3.2888088857442057E-4
3.2888088857442057E-4
3.2888088857442057E-4
3.2888088857442057E-4
3.2888088857442057E-4
0.0037386200307043343
3.2888088857442057E-4
8.552514638987794E-4
4.956212185467624E-4
4.956212185467624E-4
3.2888088857442057E-4
5.982239804013869E-4
5.982239804013869E-4
4.956212185467624E-4
0.0014436290404876572
7.292432003818411E-4
4.956212185467624E-4
3.2888088857442057E-4
5.98223980401387E-4
3.2888088857442057E-4
3.2888088857442057E-4
6.510612664729913E-4
0.0013264704188317542
6.510612664729913E-4
3.2888088857442057E-4
3.2888088857442057E-4
6.510612664729913E-4
3.2888088857442057E-4
4.956212185467624E-4
3.2888088857442057E-4
3.2888088857442057E-4
0.0017772921521610426
3.2888088857442057E-4
9.015193902437365E-4
3.2888088857442057E-4
3.2888088857442057E-4
3.2888088857442057E-4
6.510612664729913E-4
0.0015556754823771606
5.98223980401387E-4
3.2888088857442057E-4
0.002145224509796911
3.2888088857442057E-4
3.2888088857442057E-4
3.2888088857442057E-4
4.956212185467624E-4
4.956212185467624E-4
3.2888088857442057E-4
3.2888088857442057E-4
3.2888088857442057E-4
3.2888088857442057E-4
3.2888088857442057E-4
5.982239804013869E-4
4.956212185467624E-4
3.2888088857442057E-4
5.98223980401387E-4
3.2888088857442057E-4
3.2888088857442057E-4
6.510612664729913E-4
0.00145797559037261
3.2888088857442057E-4
3.2888088857442057E-4
3.2888088857442057E-4
7.468977395997064E-4
3.2888088857442057E-4
3.2888088857442057E-4
3.2888088857442057E-4
3.2888088857442057E-4
7.292432003818411E-4
3.2888088857442057E-4
4.956212185467624E-4
3.2888088857442057E-4
6.510612664729913E-4
0.0010989644462372078
4.956212185467624E-4
3.2888088857442057E-4
4.956212185467624E-4
3.2888088857442057E-4
3.2888088857442057E-4
0.0018963896545288927
4.956212185467624E-4
4.956212185467624E-4
3.2888088857442057E-4
9.811448139678846E-4
3.2888088857442057E-4
3.2888088857442057E-4
5.98223980401387E-4
4.956212185467624E-4
3.2888088857442057E-4
3.2888088857442057E-4
3.2888088857442057E-4
3.2888088857442057E-4
0.0017598035119605598
0.0016930783167499845
5.98223980401387E-4
8.552514638987794E-4
3.2888088857442057E-4
3.2888088857442057E-4
6.510612664729913E-4
3.2888088857442057E-4
3.2888088857442057E-4
0.0012888580255872727
4.956212185467624E-4
3.2888088857442057E-4
0.0010989644462372078
4.956212185467624E-4
3.2888088857442057E-4
6.510612664729913E-4
4.956212185467624E-4
5.98223980401387E-4
3.2888088857442057E-4
0.001184259942871407
3.2888088857442057E-4
3.2888088857442057E-4
3.2888088857442057E-4
4.956212185467624E-4
3.2888088857442057E-4
3.2888088857442057E-4
7.468977395997064E-4
3.2888088857442057E-4
4.956212185467624E-4
5.98223980401387E-4
4.956212185467624E-4
3.2888088857442057E-4
4.956212185467624E-4
3.2888088857442057E-4
5.98223980401387E-4
5.98223980401387E-4
5.98223980401387E-4
3.2888088857442057E-4
3.2888088857442057E-4
4.956212185467624E-4
5.98223980401387E-4
3.2888088857442057E-4
5.982239804013869E-4
6.510612664729913E-4
3.2888088857442057E-4
4.956212185467624E-4
4.956212185467624E-4
8.552514638987794E-4
3.2888088857442057E-4
3.2888088857442057E-4
3.2888088857442057E-4
8.552514638987794E-4
7.468977395997064E-4
7.468977395997064E-4
6.510612664729913E-4
0.001184259942871407
3.2888088857442057E-4
3.2888088857442057E-4
0.0012888580255872725
3.2888088857442057E-4
4.956212185467624E-4
3.2888088857442057E-4
3.2888088857442057E-4
4.956212185467624E-4
6.510612664729913E-4
3.2888088857442057E-4
0.00163305489107304
3.2888088857442057E-4
4.956212185467624E-4
6.510612664729913E-4
4.956212185467624E-4
3.2888088857442057E-4
9.015193902437367E-4
4.956212185467624E-4
3.2888088857442057E-4
3.2888088857442057E-4
5.98223980401387E-4
4.956212185467624E-4
3.2888088857442057E-4
6.510612664729913E-4
3.2888088857442057E-4
3.2888088857442057E-4
5.98223980401387E-4
3.2888088857442057E-4
3.2888088857442057E-4
3.2888088857442057E-4
6.510612664729913E-4
3.2888088857442057E-4
6.510612664729913E-4
8.977917322982325E-4
3.2888088857442057E-4
4.956212185467624E-4
5.98223980401387E-4
4.956212185467624E-4
3.2888088857442057E-4
6.510612664729913E-4
3.2888088857442057E-4
5.98223980401387E-4
3.2888088857442057E-4
6.510612664729913E-4
4.956212185467624E-4
3.2888088857442057E-4
4.956212185467624E-4
3.2888088857442057E-4
3.2888088857442057E-4
3.2888088857442057E-4
9.674733238571343E-4
3.2888088857442057E-4
3.2888088857442057E-4
3.2888088857442057E-4
4.956212185467624E-4
5.982239804013869E-4
3.2888088857442057E-4
3.2888088857442057E-4
3.2888088857442057E-4
3.2888088857442057E-4
8.977917322982325E-4
6.510612664729913E-4
3.2888088857442057E-4
6.510612664729913E-4
3.2888088857442057E-4
4.956212185467624E-4
3.2888088857442057E-4
3.2888088857442057E-4
3.2888088857442057E-4
4.956212185467624E-4
3.2888088857442057E-4
4.956212185467624E-4
8.552514638987794E-4
6.510612664729913E-4
5.982239804013869E-4
3.2888088857442057E-4
5.98223980401387E-4
3.2888088857442057E-4
3.2888088857442057E-4
3.2888088857442057E-4
4.956212185467624E-4
8.977917322982325E-4
4.956212185467624E-4
3.2888088857442057E-4
3.2888088857442057E-4
8.552514638987794E-4
3.2888088857442057E-4
3.2888088857442057E-4
3.2888088857442057E-4
4.956212185467624E-4
3.2888088857442057E-4
0.00163305489107304
3.2888088857442057E-4
4.956212185467624E-4
9.015193902437365E-4
8.552514638987794E-4
5.982239804013869E-4
7.292432003818411E-4
3.2888088857442057E-4
3.2888088857442057E-4
4.956212185467624E-4
3.2888088857442057E-4
4.956212185467624E-4
3.2888088857442057E-4
5.982239804013869E-4
5.98223980401387E-4
4.956212185467624E-4
3.2888088857442057E-4
8.552514638987794E-4
0.001179363191860435
6.510612664729913E-4
3.2888088857442057E-4
3.2888088857442057E-4
6.510612664729913E-4
3.2888088857442057E-4
3.2888088857442057E-4
4.956212185467624E-4
8.552514638987794E-4
3.2888088857442057E-4
7.468977395997064E-4
3.2888088857442057E-4
4.956212185467624E-4
6.510612664729913E-4
3.2888088857442057E-4
9.674733238571343E-4
0.0012888580255872725
5.98223980401387E-4
3.2888088857442057E-4
9.015193902437367E-4
3.2888088857442057E-4
3.2888088857442057E-4
3.2888088857442057E-4
4.956212185467624E-4
5.982239804013869E-4
3.2888088857442057E-4
3.2888088857442057E-4
9.674733238571343E-4
3.2888088857442057E-4
3.2888088857442057E-4
9.015193902437367E-4
3.2888088857442057E-4
3.2888088857442057E-4
3.2888088857442057E-4
6.510612664729913E-4
5.98223980401387E-4
3.2888088857442057E-4
7.468977395997064E-4
3.2888088857442057E-4
9.811448139678846E-4
4.956212185467624E-4
3.2888088857442057E-4
3.2888088857442057E-4
3.2888088857442057E-4
4.956212185467624E-4
4.956212185467624E-4
5.98223980401387E-4
3.2888088857442057E-4
5.982239804013869E-4
4.956212185467624E-4
4.956212185467624E-4
5.982239804013869E-4
6.510612664729913E-4
0.0014436290404876572
3.2888088857442057E-4
3.2888088857442057E-4
4.956212185467624E-4
9.015193902437367E-4
4.956212185467624E-4
3.2888088857442057E-4
8.977917322982325E-4
3.2888088857442057E-4
3.2888088857442057E-4
7.468977395997064E-4
4.956212185467624E-4
3.2888088857442057E-4
7.468977395997064E-4
5.98223980401387E-4
3.2888088857442057E-4
3.2888088857442057E-4
6.510612664729913E-4
8.552514638987794E-4
6.510612664729913E-4
3.2888088857442057E-4
3.2888088857442057E-4
9.015193902437365E-4
3.2888088857442057E-4
5.98223980401387E-4
0.0012888580255872725
5.982239804013869E-4
6.510612664729913E-4
3.2888088857442057E-4
5.98223980401387E-4
3.2888088857442057E-4
3.2888088857442057E-4
3.2888088857442057E-4
6.510612664729913E-4
3.2888088857442057E-4
3.2888088857442057E-4
4.956212185467624E-4
4.956212185467624E-4
5.982239804013869E-4
3.2888088857442057E-4
3.2888088857442057E-4
8.977917322982325E-4
3.2888088857442057E-4
3.2888088857442057E-4
3.2888088857442057E-4
3.2888088857442057E-4
3.2888088857442057E-4
3.2888088857442057E-4
3.2888088857442057E-4
3.2888088857442057E-4
8.552514638987794E-4
4.956212185467624E-4
3.2888088857442057E-4
3.2888088857442057E-4
5.98223980401387E-4
5.982239804013869E-4
3.2888088857442057E-4
3.2888088857442057E-4
0.001179363191860435
9.811448139678842E-4
3.2888088857442057E-4
3.2888088857442057E-4
9.811448139678846E-4
3.2888088857442057E-4
3.2888088857442057E-4
3.2888088857442057E-4
3.2888088857442057E-4
3.2888088857442057E-4
4.956212185467624E-4
5.982239804013869E-4
7.468977395997064E-4
0.004028790885036652
4.956212185467624E-4
3.2888088857442057E-4
4.956212185467624E-4
3.2888088857442057E-4
3.2888088857442057E-4
3.2888088857442057E-4
3.2888088857442057E-4
0.0016930783167499845
5.982239804013869E-4
7.468977395997064E-4
0.0013529659150813508
4.956212185467624E-4
3.2888088857442057E-4
5.98223980401387E-4
3.2888088857442057E-4
6.510612664729913E-4
3.2888088857442057E-4
0.0014436290404876572
4.956212185467624E-4
3.2888088857442057E-4
3.2888088857442057E-4
6.510612664729913E-4
3.2888088857442057E-4
4.956212185467624E-4
4.956212185467624E-4
4.956212185467624E-4
6.510612664729913E-4
4.956212185467624E-4
3.2888088857442057E-4
4.956212185467624E-4
6.510612664729913E-4
9.015193902437365E-4
4.956212185467624E-4
0.0010881505832659477
9.674733238571343E-4
3.2888088857442057E-4
9.015193902437367E-4
3.2888088857442057E-4
6.510612664729913E-4
3.2888088857442057E-4
9.015193902437365E-4
3.2888088857442057E-4
6.510612664729913E-4
6.510612664729913E-4
5.98223980401387E-4
3.2888088857442057E-4
5.982239804013869E-4
4.956212185467624E-4
0.001184259942871407
7.468977395997064E-4
0.0012888580255872725
3.2888088857442057E-4
0.001184259942871407
3.2888088857442057E-4
3.2888088857442057E-4
3.2888088857442057E-4
3.2888088857442057E-4
3.2888088857442057E-4
6.510612664729913E-4
4.956212185467624E-4
4.956212185467624E-4
4.956212185467624E-4
3.2888088857442057E-4
5.98223980401387E-4
3.2888088857442057E-4
3.2888088857442057E-4
3.2888088857442057E-4
3.2888088857442057E-4
7.468977395997064E-4
9.015193902437365E-4
4.956212185467624E-4
8.552514638987794E-4
4.956212185467624E-4
7.292432003818411E-4
3.2888088857442057E-4
3.2888088857442057E-4
3.2888088857442057E-4
3.2888088857442057E-4
5.98223980401387E-4
3.2888088857442057E-4
3.2888088857442057E-4
6.510612664729913E-4
4.956212185467624E-4
6.510612664729913E-4
3.2888088857442057E-4
4.956212185467624E-4
3.2888088857442057E-4
0.002145224509796911
3.2888088857442057E-4
9.811448139678846E-4
3.2888088857442057E-4
7.292432003818411E-4
3.2888088857442057E-4
4.956212185467624E-4
3.2888088857442057E-4
0.0010989644462372078
3.2888088857442057E-4
3.2888088857442057E-4
3.2888088857442057E-4
3.2888088857442057E-4
8.552514638987794E-4
3.2888088857442057E-4
3.2888088857442057E-4
5.98223980401387E-4
4.956212185467624E-4
3.2888088857442057E-4
5.982239804013869E-4
9.015193902437365E-4
5.98223980401387E-4
3.2888088857442057E-4
3.2888088857442057E-4
3.2888088857442057E-4
3.2888088857442057E-4
5.98223980401387E-4
4.956212185467624E-4
7.468977395997064E-4
6.510612664729913E-4
4.956212185467624E-4
3.2888088857442057E-4
9.811448139678846E-4
3.2888088857442057E-4
9.811448139678842E-4
3.2888088857442057E-4
4.956212185467624E-4
3.2888088857442057E-4
5.98223980401387E-4
3.2888088857442057E-4
0.0016930783167499845
8.977917322982325E-4
3.2888088857442057E-4
4.956212185467624E-4
3.2888088857442057E-4
3.2888088857442057E-4
3.2888088857442057E-4
3.2888088857442057E-4
5.982239804013869E-4
4.956212185467624E-4
3.2888088857442057E-4
4.956212185467624E-4
3.2888088857442057E-4
3.2888088857442057E-4
9.015193902437365E-4
0.0013264704188317542
8.977917322982325E-4
3.2888088857442057E-4
3.2888088857442057E-4
3.2888088857442057E-4
8.552514638987794E-4
7.468977395997064E-4
3.2888088857442057E-4
7.292432003818411E-4
3.2888088857442057E-4
3.2888088857442057E-4
4.956212185467624E-4
0.0012888580255872725
8.552514638987794E-4
9.674733238571343E-4
3.2888088857442057E-4
4.956212185467624E-4
0.0013264704188317542
3.2888088857442057E-4
3.2888088857442057E-4
7.468977395997064E-4
4.956212185467624E-4
3.2888088857442057E-4
3.2888088857442057E-4
3.2888088857442057E-4
3.2888088857442057E-4
4.956212185467624E-4
5.98223980401387E-4
9.811448139678846E-4
3.2888088857442057E-4
3.2888088857442057E-4
6.510612664729913E-4
0.001184259942871407
3.2888088857442057E-4
3.2888088857442057E-4
3.2888088857442057E-4
5.982239804013869E-4
3.2888088857442057E-4
7.468977395997064E-4
3.2888088857442057E-4
0.00145797559037261
3.2888088857442057E-4
6.510612664729913E-4
4.956212185467624E-4
3.2888088857442057E-4
3.2888088857442057E-4
3.2888088857442057E-4
3.2888088857442057E-4
4.956212185467624E-4
7.468977395997064E-4
3.2888088857442057E-4
3.2888088857442057E-4
3.2888088857442057E-4
3.2888088857442057E-4
3.2888088857442057E-4
3.2888088857442057E-4
6.510612664729913E-4
0.0014436290404876572
3.2888088857442057E-4
3.2888088857442057E-4
3.2888088857442057E-4
8.977917322982325E-4
3.2888088857442057E-4
3.2888088857442057E-4
3.2888088857442057E-4
3.2888088857442057E-4
4.956212185467624E-4
4.956212185467624E-4
3.2888088857442057E-4
4.956212185467624E-4
4.956212185467624E-4
4.956212185467624E-4
3.2888088857442057E-4
8.552514638987794E-4
3.2888088857442057E-4
8.977917322982325E-4
3.2888088857442057E-4
8.552514638987794E-4
4.956212185467624E-4
3.2888088857442057E-4
4.956212185467624E-4
0.002615057968776537
3.2888088857442057E-4
4.956212185467624E-4
5.98223980401387E-4
3.2888088857442057E-4
5.982239804013869E-4
3.2888088857442057E-4
4.956212185467624E-4
4.956212185467624E-4
3.2888088857442057E-4
4.956212185467624E-4
4.956212185467624E-4
3.2888088857442057E-4
3.2888088857442057E-4
3.2888088857442057E-4
0.0015556754823771604
3.2888088857442057E-4
6.510612664729913E-4
0.0010881505832659477
6.510612664729913E-4
3.2888088857442057E-4
3.2888088857442057E-4
0.0015711355315219065
3.2888088857442057E-4
4.956212185467624E-4
3.2888088857442057E-4
3.2888088857442057E-4
3.2888088857442057E-4
3.2888088857442057E-4
4.956212185467624E-4
0.0016930783167499845
4.956212185467624E-4
3.2888088857442057E-4
6.510612664729913E-4
3.2888088857442057E-4
7.292432003818411E-4
3.2888088857442057E-4
0.0014436290404876572
4.956212185467624E-4
6.510612664729913E-4
4.956212185467624E-4
4.956212185467624E-4
3.2888088857442057E-4
3.2888088857442057E-4
3.2888088857442057E-4
6.510612664729913E-4
3.2888088857442057E-4
7.292432003818411E-4
3.2888088857442057E-4
3.2888088857442057E-4
7.468977395997064E-4
3.2888088857442057E-4
3.2888088857442057E-4
4.956212185467624E-4
3.2888088857442057E-4
9.015193902437365E-4
3.2888088857442057E-4
4.956212185467624E-4
3.2888088857442057E-4
3.2888088857442057E-4
5.98223980401387E-4
0.0010989644462372078
4.956212185467624E-4
3.2888088857442057E-4
0.001990716210283438
3.2888088857442057E-4
3.2888088857442057E-4
3.2888088857442057E-4
4.956212185467624E-4
5.98223980401387E-4
4.956212185467624E-4
3.2888088857442057E-4
3.2888088857442057E-4
3.2888088857442057E-4
3.2888088857442057E-4
3.2888088857442057E-4
4.956212185467624E-4
3.2888088857442057E-4
8.977917322982325E-4
4.956212185467624E-4
8.552514638987794E-4
4.956212185467624E-4
3.2888088857442057E-4
3.2888088857442057E-4
8.552514638987794E-4
3.2888088857442057E-4
4.956212185467624E-4
3.2888088857442057E-4
3.2888088857442057E-4
0.0016930783167499845
5.98223980401387E-4
4.956212185467624E-4
3.2888088857442057E-4
4.956212185467624E-4
7.468977395997064E-4
4.956212185467624E-4
4.956212185467624E-4
4.956212185467624E-4
3.2888088857442057E-4
3.2888088857442057E-4
4.956212185467624E-4
0.0013264704188317544
4.956212185467624E-4
3.2888088857442057E-4
3.2888088857442057E-4
8.552514638987794E-4
9.674733238571343E-4
9.811448139678846E-4
3.2888088857442057E-4
9.811448139678846E-4
4.956212185467624E-4
3.2888088857442057E-4
6.510612664729913E-4
3.2888088857442057E-4
0.0013529659150813508
3.2888088857442057E-4
3.2888088857442057E-4
5.98223980401387E-4
0.0012888580255872727
4.956212185467624E-4
5.982239804013869E-4
3.2888088857442057E-4
0.001888548345689639
3.2888088857442057E-4
4.956212185467624E-4
9.674733238571343E-4
8.977917322982325E-4
4.956212185467624E-4
3.2888088857442057E-4
9.015193902437365E-4
9.015193902437367E-4
6.510612664729913E-4
3.2888088857442057E-4
5.98223980401387E-4
4.956212185467624E-4
6.510612664729913E-4
3.2888088857442057E-4
0.0012888580255872727
3.2888088857442057E-4
3.2888088857442057E-4
3.2888088857442057E-4
4.956212185467624E-4
3.2888088857442057E-4
3.2888088857442057E-4
3.2888088857442057E-4
3.2888088857442057E-4
4.956212185467624E-4
3.2888088857442057E-4
3.2888088857442057E-4
3.2888088857442057E-4
3.2888088857442057E-4
3.2888088857442057E-4
9.811448139678846E-4
3.2888088857442057E-4
3.2888088857442057E-4
0.0012888580255872725
3.2888088857442057E-4
3.2888088857442057E-4
0.0034352099735441457
6.510612664729913E-4
3.2888088857442057E-4
3.2888088857442057E-4
0.0015556754823771606
4.956212185467624E-4
5.982239804013869E-4
3.2888088857442057E-4
5.982239804013869E-4
8.552514638987794E-4
3.2888088857442057E-4
3.2888088857442057E-4
0.004187567862809707
4.956212185467624E-4
3.2888088857442057E-4
5.98223980401387E-4
5.98223980401387E-4
3.2888088857442057E-4
6.510612664729913E-4
3.2888088857442057E-4
3.2888088857442057E-4
6.510612664729913E-4
4.956212185467624E-4
9.015193902437367E-4
4.956212185467624E-4
3.2888088857442057E-4
3.2888088857442057E-4
4.956212185467624E-4
7.468977395997064E-4
3.2888088857442057E-4
6.510612664729913E-4
4.956212185467624E-4
9.015193902437367E-4
0.0034352099735441457
3.2888088857442057E-4
3.2888088857442057E-4
3.2888088857442057E-4
3.2888088857442057E-4
4.956212185467624E-4
6.510612664729913E-4
3.2888088857442057E-4
3.2888088857442057E-4
3.2888088857442057E-4
0.0013264704188317542
3.2888088857442057E-4
4.956212185467624E-4
3.2888088857442057E-4
3.2888088857442057E-4
3.2888088857442057E-4
3.2888088857442057E-4
3.2888088857442057E-4
3.2888088857442057E-4
6.510612664729913E-4
5.98223980401387E-4
3.2888088857442057E-4
6.510612664729913E-4
3.2888088857442057E-4
6.510612664729913E-4
3.2888088857442057E-4
3.2888088857442057E-4
3.2888088857442057E-4
3.2888088857442057E-4
5.98223980401387E-4
6.510612664729913E-4
0.005555568014879645
9.811448139678846E-4
3.2888088857442057E-4
4.956212185467624E-4
0.0013264704188317544
3.2888088857442057E-4
4.956212185467624E-4
3.2888088857442057E-4
3.2888088857442057E-4
3.2888088857442057E-4
6.510612664729913E-4
3.2888088857442057E-4
3.2888088857442057E-4
3.2888088857442057E-4
3.2888088857442057E-4
8.977917322982325E-4
3.2888088857442057E-4
5.98223980401387E-4
4.956212185467624E-4
3.2888088857442057E-4
0.0010881505832659477
6.510612664729913E-4
0.0012888580255872727
3.2888088857442057E-4
5.982239804013869E-4
3.2888088857442057E-4
0.0021452245097969115
5.982239804013869E-4
3.2888088857442057E-4
4.956212185467624E-4
6.510612664729913E-4
0.0034352099735441457
6.510612664729913E-4
3.2888088857442057E-4
3.2888088857442057E-4
3.2888088857442057E-4
4.956212185467624E-4
0.0012888580255872727
0.0010989644462372078
3.2888088857442057E-4
3.2888088857442057E-4
4.956212185467624E-4
3.2888088857442057E-4
3.2888088857442057E-4
6.510612664729913E-4
3.2888088857442057E-4
3.2888088857442057E-4
3.2888088857442057E-4
3.2888088857442057E-4
3.2888088857442057E-4
3.2888088857442057E-4
3.2888088857442057E-4
3.2888088857442057E-4
3.2888088857442057E-4
4.956212185467624E-4
6.510612664729913E-4
5.98223980401387E-4
3.2888088857442057E-4
3.2888088857442057E-4
3.2888088857442057E-4
8.552514638987794E-4
9.811448139678842E-4
3.2888088857442057E-4
3.2888088857442057E-4
3.2888088857442057E-4
