8.558210458616522E-5
2.3459534871950045E-4
1.2897163816557108E-4
8.558210458616522E-5
8.558210458616522E-5
8.558210458616522E-5
4.6441112923297536E-4
6.969705091609607E-4
1.5567115340324317E-4
3.535335637827775E-4
1.2897163816557108E-4
1.5567115340324317E-4
2.3459534871950045E-4
8.558210458616522E-5
0.0010005617138289173
1.5567115340324317E-4
0.0016722877992645553
8.558210458616522E-5
6.430664203334011E-4
2.8597493330193144E-4
1.6942058762008108E-4
0.0012076965002407248
4.2672155230106683E-4
1.5567115340324317E-4
6.430664203334011E-4
1.2897163816557108E-4
9.155590709356342E-4
8.558210458616522E-5
4.267215523010669E-4
1.6942058762008108E-4
3.535335637827776E-4
5.305696880308004E-4
8.093589935706978E-4
0.001109685132099318
8.558210458616522E-5
0.0010005617138289173
8.558210458616522E-5
0.0013854698975395018
1.6942058762008108E-4
5.305696880308004E-4
8.558210458616522E-5
0.001352721327896766
8.558210458616522E-5
3.535335637827776E-4
1.5567115340324317E-4
0.0013797411712051476
8.558210458616522E-5
8.558210458616522E-5
0.0013143645837035097
3.535335637827775E-4
2.928982144139963E-4
1.2897163816557108E-4
1.9435936439684043E-4
8.558210458616522E-5
8.558210458616522E-5
6.430664203334011E-4
0.005689036333103947
0.0011096851320993183
6.1006285979672E-4
1.9435936439684038E-4
8.558210458616522E-5
4.5793992124181865E-4
1.2897163816557108E-4
8.558210458616522E-5
2.3459534871950045E-4
8.558210458616522E-5
1.2897163816557108E-4
3.353894561056821E-4
8.558210458616522E-5
1.2897163816557108E-4
3.0817071410670484E-4
8.013948621731828E-4
1.6942058762008103E-4
1.6942058762008108E-4
8.093589935706978E-4
1.9435936439684038E-4
8.531442004739968E-4
2.3459534871950045E-4
8.558210458616522E-5
9.650895557656734E-4
1.2897163816557108E-4
0.001339410485013484
6.161255649692855E-4
5.787531134192881E-4
8.558210458616522E-5
3.535335637827776E-4
0.001545425782797619
0.0018470023045804344
8.558210458616522E-5
1.2897163816557108E-4
8.558210458616522E-5
3.535335637827775E-4
1.9435936439684038E-4
1.5567115340324317E-4
8.558210458616522E-5
8.558210458616522E-5
8.558210458616522E-5
0.001776970855904547
6.494571095062473E-4
8.558210458616522E-5
6.100628597967199E-4
1.2897163816557108E-4
1.2897163816557108E-4
3.535335637827776E-4
6.639457981288019E-4
9.155590709356341E-4
3.535335637827776E-4
0.0024850101195005242
0.0021826829360398732
0.003677441997596084
1.2897163816557108E-4
4.0482127864601694E-4
9.193604993990209E-4
8.558210458616522E-5
8.558210458616522E-5
3.0817071410670484E-4
6.278661583222282E-4
6.901122858518428E-4
5.605528251737685E-4
8.558210458616522E-5
1.2897163816557108E-4
0.0028110808360058237
8.939178573301839E-4
1.2897163816557108E-4
6.901122858518427E-4
2.928982144139963E-4
0.0019026169732535433
0.001054690724573878
3.535335637827776E-4
6.99864351421688E-4
3.535335637827776E-4
3.7566430832201695E-4
0.0028110808360058237
8.558210458616522E-5
1.5567115340324317E-4
2.928982144139963E-4
7.363571587042803E-4
5.787531134192881E-4
1.2897163816557108E-4
8.558210458616522E-5
8.616226083529513E-4
8.447492205360748E-4
8.558210458616522E-5
6.639457981288019E-4
5.717495507593813E-4
1.9435936439684038E-4
3.535335637827775E-4
8.558210458616522E-5
0.001567264393522493
1.6942058762008108E-4
8.558210458616522E-5
0.00329681647888239
8.558210458616522E-5
1.2897163816557108E-4
2.928982144139963E-4
8.558210458616522E-5
1.2897163816557108E-4
1.9435936439684038E-4
8.558210458616522E-5
8.558210458616522E-5
0.0010399944293831623
0.0010546907245738782
1.2897163816557108E-4
8.558210458616522E-5
6.998643514216877E-4
2.3459534871950045E-4
1.6942058762008108E-4
1.6942058762008108E-4
1.5567115340324317E-4
0.001267767409714667
0.0021399388676925
5.79829017279315E-4
0.0013797411712051476
2.553156507425708E-4
8.721769287171341E-4
8.558210458616522E-5
8.558210458616522E-5
8.558210458616522E-5
1.2897163816557108E-4
5.661235076995162E-4
8.558210458616522E-5
0.0012027028423076845
0.005689036333103949
8.558210458616522E-5
3.535335637827776E-4
3.081707141067049E-4
8.558210458616522E-5
1.2897163816557108E-4
0.001352721327896766
2.8316092621323005E-4
0.005227339015688067
8.558210458616522E-5
8.558210458616522E-5
6.404074296592297E-4
2.3459534871950045E-4
2.928982144139963E-4
0.0023342763639600988
8.558210458616522E-5
1.2897163816557108E-4
4.644111292329754E-4
3.847589152522572E-4
1.6942058762008108E-4
8.558210458616522E-5
8.558210458616522E-5
8.558210458616522E-5
8.558210458616522E-5
0.0011096851320993183
8.558210458616522E-5
8.558210458616522E-5
1.5567115340324317E-4
1.2897163816557108E-4
0.00131436458370351
8.558210458616522E-5
8.558210458616522E-5
2.8316092621323005E-4
1.9435936439684038E-4
8.093589935706978E-4
5.305696880308004E-4
8.558210458616522E-5
4.644111292329754E-4
0.00160222837413736
0.001352721327896766
8.558210458616522E-5
6.278661583222282E-4
2.3459534871950045E-4
0.0017946301023683963
4.6441112923297536E-4
8.329782969678022E-4
8.558210458616522E-5
1.2897163816557108E-4
4.309622414707746E-4
1.5567115340324317E-4
5.798290172793152E-4
1.6942058762008108E-4
1.2897163816557108E-4
5.798290172793152E-4
8.558210458616522E-5
4.0482127864601694E-4
1.6942058762008108E-4
8.558210458616522E-5
8.558210458616522E-5
0.0012076965002407246
1.2897163816557108E-4
3.0817071410670484E-4
0.00218767859903345
0.008370688960424045
5.201793987983296E-4
1.289716381655711E-4
8.558210458616522E-5
8.558210458616522E-5
6.639457981288019E-4
8.558210458616522E-5
1.5567115340324317E-4
0.0022738962772910713
8.558210458616522E-5
4.2672155230106694E-4
6.43066420333401E-4
8.558210458616522E-5
0.001451684582179527
6.278661583222282E-4
2.928982144139963E-4
0.001486828992678849
5.150608085124132E-4
8.558210458616522E-5
1.6942058762008108E-4
1.2897163816557108E-4
3.0817071410670484E-4
2.3362532941087954E-4
1.9435936439684038E-4
8.558210458616522E-5
8.558210458616522E-5
1.2897163816557108E-4
0.0020385416610630455
1.8976526156431293E-4
8.558210458616522E-5
8.558210458616522E-5
1.2897163816557108E-4
8.558210458616522E-5
8.558210458616522E-5
7.761930668794035E-4
3.847589152522572E-4
0.0010005617138289173
8.558210458616522E-5
8.093589935706975E-4
8.558210458616522E-5
8.558210458616522E-5
8.558210458616522E-5
8.558210458616522E-5
1.2897163816557108E-4
6.430664203334011E-4
3.0817071410670484E-4
1.2897163816557108E-4
2.928982144139963E-4
8.558210458616522E-5
5.605528251737686E-4
8.558210458616522E-5
3.847589152522572E-4
4.6441112923297536E-4
4.2672155230106694E-4
8.558210458616522E-5
8.558210458616522E-5
0.0015799025675282462
8.412562993876584E-4
2.928982144139963E-4
8.558210458616522E-5
1.9435936439684038E-4
1.6942058762008108E-4
1.2897163816557108E-4
4.405765449149162E-4
2.553156507425708E-4
7.616788793558139E-4
8.558210458616522E-5
8.558210458616522E-5
3.847589152522572E-4
8.558210458616522E-5
4.6441112923297536E-4
3.535335637827775E-4
3.535335637827776E-4
1.289716381655711E-4
8.558210458616522E-5
4.983868164097909E-4
2.5175802566566646E-4
1.9435936439684038E-4
8.558210458616522E-5
1.5567115340324317E-4
8.558210458616522E-5
5.787531134192881E-4
2.3459534871950045E-4
6.404074296592297E-4
2.5175802566566646E-4
8.558210458616522E-5
6.969705091609607E-4
0.0032643756462730246
8.558210458616522E-5
1.2897163816557108E-4
1.9435936439684043E-4
4.644111292329754E-4
8.72176928717134E-4
1.5567115340324317E-4
1.5567115340324317E-4
0.0012076965002407248
1.2897163816557108E-4
0.002347726192739775
1.2897163816557108E-4
4.2672155230106694E-4
8.447492205360748E-4
2.2255540766788443E-4
0.002509705744653634
1.9435936439684038E-4
2.928982144139963E-4
1.5567115340324317E-4
9.787273605425903E-4
8.558210458616522E-5
0.0014661111867235999
1.2897163816557108E-4
1.5567115340324317E-4
8.558210458616522E-5
0.001567264393522493
4.2672155230106683E-4
8.558210458616522E-5
1.2897163816557108E-4
7.61678879355814E-4
8.737983083736329E-4
8.558210458616522E-5
1.9435936439684043E-4
8.558210458616522E-5
1.2897163816557108E-4
6.639457981288018E-4
0.0019339192908224107
8.558210458616522E-5
1.2897163816557108E-4
0.0012076965002407248
3.535335637827775E-4
2.928982144139963E-4
8.558210458616522E-5
8.558210458616522E-5
1.2897163816557108E-4
0.0012076965002407248
8.558210458616522E-5
8.558210458616522E-5
8.558210458616522E-5
8.558210458616522E-5
0.0011318504648789702
0.00160222837413736
1.2897163816557108E-4
4.309622414707746E-4
6.99864351421688E-4
8.558210458616522E-5
3.0817071410670484E-4
4.644111292329754E-4
1.5567115340324317E-4
7.3635715870428E-4
6.404074296592297E-4
1.6942058762008108E-4
8.558210458616522E-5
5.054295846844859E-4
0.001054690724573878
2.3459534871950045E-4
0.0012076965002407246
8.558210458616522E-5
8.447492205360746E-4
8.558210458616522E-5
1.5567115340324317E-4
1.2897163816557108E-4
1.9435936439684038E-4
3.0817071410670484E-4
8.558210458616522E-5
1.289716381655711E-4
8.558210458616522E-5
6.404074296592297E-4
9.065499256724808E-4
9.33005525609186E-4
4.207755192595887E-4
1.6942058762008108E-4
6.404074296592297E-4
3.535335637827775E-4
2.928982144139963E-4
2.3459534871950045E-4
3.535335637827776E-4
8.558210458616522E-5
1.5567115340324317E-4
1.9435936439684038E-4
7.806654010085931E-4
8.737983083736329E-4
8.558210458616522E-5
8.558210458616522E-5
8.558210458616522E-5
2.8316092621323005E-4
0.0018199902514205346
0.0010005617138289175
8.558210458616522E-5
4.6249085346897016E-4
0.001873102531965446
1.6942058762008108E-4
8.558210458616522E-5
8.558210458616522E-5
0.001776970855904547
0.006499478678377303
8.558210458616522E-5
8.558210458616522E-5
5.305696880308004E-4
8.558210458616522E-5
8.558210458616522E-5
1.9435936439684038E-4
1.2897163816557108E-4
3.0817071410670484E-4
8.558210458616522E-5
2.3459534871950045E-4
8.558210458616522E-5
8.558210458616522E-5
0.0028737930218138796
0.0012832967415354467
5.054295846844859E-4
0.0010546907245738782
8.558210458616522E-5
0.0028737930218138805
0.0013143645837035097
0.0012196983910316812
1.289716381655711E-4
8.558210458616522E-5
2.928982144139963E-4
0.002499328458639401
1.2897163816557108E-4
0.0016722877992645553
1.2897163816557108E-4
0.0011096851320993185
6.998643514216877E-4
8.558210458616522E-5
8.558210458616522E-5
8.558210458616522E-5
1.9435936439684038E-4
0.002677882757928044
0.001776970855904547
1.5567115340324317E-4
1.5567115340324317E-4
2.3459534871950045E-4
8.558210458616522E-5
4.5793992124181865E-4
3.068964708420081E-4
0.0017946301023683963
6.404074296592297E-4
1.6942058762008108E-4
2.3459534871950045E-4
0.002357474021641955
1.9435936439684043E-4
8.558210458616522E-5
6.100628597967199E-4
3.535335637827776E-4
8.558210458616522E-5
1.2897163816557108E-4
0.0019339192908224103
8.558210458616522E-5
8.558210458616522E-5
0.0012076965002407248
8.558210458616522E-5
0.0012076965002407248
6.998643514216877E-4
0.011215598618961518
8.013948621731825E-4
0.0019339192908224112
8.447492205360748E-4
1.5567115340324317E-4
8.558210458616522E-5
6.430664203334011E-4
9.4618994682484E-4
0.0013797411712051478
3.535335637827776E-4
0.0012730312176646213
6.430664203334011E-4
1.2897163816557108E-4
9.19360499399021E-4
1.9435936439684038E-4
1.6942058762008108E-4
0.0016327596698160756
1.9435936439684038E-4
8.558210458616522E-5
1.6942058762008108E-4
4.309622414707746E-4
5.798290172793152E-4
1.2897163816557108E-4
0.0029994531900475276
5.32772629138499E-4
1.9435936439684038E-4
8.013948621731825E-4
8.558210458616522E-5
0.001665373120590353
1.2897163816557108E-4
7.61678879355814E-4
1.2897163816557108E-4
8.558210458616522E-5
1.2897163816557108E-4
1.6942058762008108E-4
1.9435936439684038E-4
8.558210458616522E-5
8.558210458616522E-5
8.558210458616522E-5
8.558210458616522E-5
8.558210458616522E-5
6.639457981288019E-4
4.2672155230106683E-4
1.5567115340324317E-4
6.969705091609607E-4
8.558210458616522E-5
5.798290172793152E-4
4.6249085346897016E-4
0.0012196983910316814
5.605528251737686E-4
0.0029144029610331168
9.193604993990208E-4
1.2897163816557108E-4
6.1006285979672E-4
1.6942058762008108E-4
9.155590709356342E-4
8.558210458616522E-5
1.9435936439684038E-4
8.558210458616522E-5
2.5531565074257077E-4
4.0482127864601694E-4
8.558210458616522E-5
2.3459534871950045E-4
5.05429584684486E-4
8.558210458616522E-5
1.5567115340324317E-4
8.558210458616522E-5
1.6942058762008108E-4
8.558210458616522E-5
6.075403342790342E-4
6.430664203334011E-4
5.787531134192881E-4
2.3459534871950045E-4
1.2897163816557108E-4
1.5567115340324317E-4
1.5567115340324317E-4
1.6942058762008108E-4
1.2897163816557108E-4
8.447492205360749E-4
2.3362532941087954E-4
7.616788793558139E-4
3.4517703539111344E-4
0.0012076965002407248
8.013948621731824E-4
1.5567115340324317E-4
9.866196643158725E-4
0.0019339192908224107
1.5567115340324317E-4
3.535335637827775E-4
8.558210458616522E-5
1.2897163816557108E-4
3.0817071410670484E-4
6.430664203334011E-4
3.4517703539111344E-4
3.535335637827776E-4
0.002050287500897974
1.5567115340324317E-4
2.3459534871950045E-4
8.558210458616522E-5
1.2897163816557108E-4
9.769112793984235E-4
1.9435936439684038E-4
8.721769287171341E-4
2.8316092621323005E-4
2.3459534871950045E-4
8.558210458616522E-5
1.2897163816557108E-4
8.558210458616522E-5
6.494571095062473E-4
1.2897163816557108E-4
1.2897163816557108E-4
1.9435936439684043E-4
0.0012076965002407246
0.00229649388752226
3.535335637827775E-4
0.002737623438073687
0.0012076965002407248
0.0013143645837035104
1.6942058762008108E-4
0.0016889067225899284
3.451770353911134E-4
8.737983083736329E-4
3.535335637827776E-4
1.9435936439684038E-4
0.0011096851320993183
0.00158283961137554
8.558210458616522E-5
6.100628597967199E-4
1.6942058762008108E-4
8.976294308317294E-4
1.9435936439684043E-4
4.0482127864601694E-4
6.075403342790344E-4
8.558210458616522E-5
6.404074296592297E-4
0.0018731025319654463
8.558210458616522E-5
8.558210458616522E-5
8.558210458616522E-5
3.847589152522572E-4
0.002764829493174429
2.3459534871950045E-4
1.2897163816557108E-4
4.624908534689701E-4
2.3459534871950045E-4
3.535335637827775E-4
8.616226083529513E-4
1.9435936439684043E-4
3.451770353911134E-4
8.558210458616522E-5
6.639457981288019E-4
8.558210458616522E-5
1.2897163816557108E-4
1.6942058762008108E-4
4.267215523010669E-4
6.430664203334011E-4
0.0015302187188160252
8.558210458616522E-5
8.558210458616522E-5
8.558210458616522E-5
6.161255649692855E-4
3.535335637827776E-4
2.8316092621323005E-4
8.558210458616522E-5
8.558210458616522E-5
0.0011050967376128064
7.363571587042803E-4
1.5567115340324317E-4
2.8316092621323005E-4
8.558210458616522E-5
2.3459534871950045E-4
1.2897163816557108E-4
6.430664203334011E-4
8.558210458616522E-5
4.2672155230106694E-4
2.3459534871950045E-4
0.0013854698975395016
8.558210458616522E-5
9.155590709356341E-4
8.329782969678022E-4
1.9435936439684038E-4
2.3459534871950042E-4
8.558210458616522E-5
5.798290172793152E-4
2.3459534871950045E-4
8.558210458616522E-5
6.99864351421688E-4
6.43066420333401E-4
2.3362532941087954E-4
4.6441112923297536E-4
8.531442004739967E-4
2.8316092621323005E-4
4.0482127864601705E-4
1.289716381655711E-4
1.2897163816557108E-4
8.558210458616522E-5
9.193604993990208E-4
8.558210458616522E-5
8.558210458616522E-5
9.19360499399021E-4
1.9435936439684038E-4
0.001873102531965446
7.761930668794035E-4
1.9435936439684038E-4
4.644111292329754E-4
8.558210458616522E-5
1.2897163816557108E-4
8.558210458616522E-5
0.0036927108460253046
8.447492205360748E-4
8.558210458616522E-5
4.0482127864601705E-4
2.3459534871950045E-4
4.644111292329754E-4
0.0020385416610630455
1.2897163816557108E-4
1.289716381655711E-4
1.6942058762008103E-4
5.32772629138499E-4
8.558210458616522E-5
6.901122858518428E-4
8.558210458616522E-5
1.2897163816557108E-4
4.2672155230106694E-4
0.0010297608342120625
2.2255540766788443E-4
1.9435936439684038E-4
2.8316092621323005E-4
6.075403342790344E-4
1.5567115340324317E-4
5.787531134192881E-4
4.5793992124181865E-4
6.075403342790344E-4
3.081707141067049E-4
9.866196643158727E-4
8.558210458616522E-5
1.5567115340324317E-4
3.535335637827775E-4
0.001812464843542603
2.3459534871950045E-4
1.5567115340324317E-4
1.5567115340324317E-4
8.558210458616522E-5
5.32772629138499E-4
8.558210458616522E-5
8.558210458616522E-5
8.558210458616522E-5
0.0027044951198958323
1.2897163816557108E-4
2.8597493330193144E-4
1.2897163816557108E-4
6.100628597967199E-4
0.001019627938109311
7.510654764020058E-4
1.5567115340324317E-4
1.2897163816557108E-4
8.558210458616522E-5
1.6942058762008108E-4
0.005689036333103948
6.430664203334011E-4
8.558210458616522E-5
5.32772629138499E-4
4.644111292329754E-4
9.193604993990209E-4
2.553156507425708E-4
8.558210458616522E-5
1.2897163816557108E-4
8.558210458616522E-5
8.558210458616522E-5
2.3459534871950045E-4
8.558210458616522E-5
1.5567115340324317E-4
2.3362532941087954E-4
8.558210458616522E-5
0.0021876785990334506
0.0017769708559045477
8.558210458616522E-5
0.004330786156339025
8.558210458616522E-5
5.605528251737685E-4
4.413955780990503E-4
8.558210458616522E-5
0.00218767859903345
1.2897163816557108E-4
8.558210458616522E-5
3.847589152522572E-4
6.1006285979672E-4
6.99864351421688E-4
8.558210458616522E-5
8.558210458616522E-5
8.558210458616522E-5
8.558210458616522E-5
9.193604993990211E-4
2.928982144139963E-4
1.9435936439684038E-4
1.5567115340324317E-4
6.430664203334011E-4
1.5567115340324317E-4
1.2897163816557108E-4
3.0817071410670484E-4
8.558210458616522E-5
8.558210458616522E-5
1.9435936439684038E-4
0.00218767859903345
2.8316092621323005E-4
4.0482127864601694E-4
8.558210458616522E-5
4.98386816409791E-4
8.558210458616522E-5
2.3459534871950042E-4
8.558210458616522E-5
8.558210458616522E-5
8.558210458616522E-5
1.9435936439684038E-4
4.6441112923297536E-4
6.901122858518427E-4
6.1006285979672E-4
0.0011050967376128064
0.0028110808360058254
6.639457981288018E-4
0.001486828992678849
3.847589152522572E-4
4.267215523010669E-4
1.2897163816557108E-4
8.558210458616522E-5
4.6441112923297536E-4
0.001472198523928402
1.9435936439684043E-4
1.6942058762008108E-4
1.2897163816557108E-4
0.0024605575004858844
5.327726291384988E-4
6.998643514216877E-4
1.6942058762008108E-4
3.353894561056821E-4
4.267215523010669E-4
8.558210458616522E-5
8.558210458616522E-5
2.3459534871950045E-4
2.8316092621323005E-4
8.558210458616522E-5
0.0021876785990334506
8.558210458616522E-5
7.839067469468104E-4
1.6942058762008108E-4
8.447492205360748E-4
0.0011096851320993183
1.9435936439684038E-4
0.0010005617138289175
2.553156507425707E-4
8.558210458616522E-5
3.535335637827775E-4
3.847589152522572E-4
1.2897163816557108E-4
9.866196643158725E-4
8.558210458616522E-5
0.002038541661063045
8.558210458616522E-5
8.558210458616522E-5
2.928982144139963E-4
1.6942058762008108E-4
3.535335637827776E-4
8.558210458616522E-5
8.558210458616522E-5
0.0010005617138289173
8.558210458616522E-5
2.3459534871950045E-4
1.9435936439684038E-4
4.644111292329754E-4
8.558210458616522E-5
6.833215477897181E-4
1.5567115340324317E-4
1.6942058762008108E-4
1.5567115340324317E-4
1.5567115340324317E-4
1.9435936439684038E-4
8.558210458616522E-5
8.558210458616522E-5
0.0026086146988800224
8.013948621731824E-4
0.0015799025675282453
8.558210458616522E-5
6.99864351421688E-4
8.558210458616522E-5
1.2897163816557108E-4
1.5567115340324317E-4
9.193604993990208E-4
1.2897163816557108E-4
7.510654764020057E-4
0.00106319558498831
0.0011050967376128064
2.3459534871950045E-4
1.6942058762008108E-4
8.558210458616522E-5
3.451770353911134E-4
8.558210458616522E-5
1.2897163816557108E-4
8.558210458616522E-5
6.639457981288018E-4
8.558210458616522E-5
8.558210458616522E-5
8.558210458616522E-5
2.928982144139963E-4
1.6942058762008108E-4
3.535335637827775E-4
0.0012730312176646207
3.535335637827775E-4
8.616226083529513E-4
8.558210458616522E-5
1.2897163816557108E-4
0.0010005617138289173
8.558210458616522E-5
1.2897163816557108E-4
8.558210458616522E-5
1.2897163816557108E-4
1.289716381655711E-4
0.003923869776216379
1.2897163816557108E-4
3.353894561056821E-4
0.0021876785990334506
1.9435936439684038E-4
1.2897163816557108E-4
5.605528251737686E-4
2.8316092621323005E-4
1.9435936439684038E-4
0.0019339192908224103
3.451770353911134E-4
0.00131436458370351
8.558210458616522E-5
6.100628597967199E-4
8.558210458616522E-5
8.558210458616522E-5
0.0017265844125527766
0.0016327596698160756
0.0012076965002407248
8.558210458616522E-5
3.847589152522573E-4
3.0817071410670484E-4
1.2897163816557108E-4
8.721769287171341E-4
1.2897163816557108E-4
5.787531134192881E-4
0.0023060289983710867
8.558210458616522E-5
0.0012076965002407248
8.558210458616522E-5
1.2897163816557108E-4
8.558210458616522E-5
0.0013143645837035097
0.0015864623699268412
4.267215523010669E-4
8.558210458616522E-5
0.0011050967376128062
1.6942058762008108E-4
8.558210458616522E-5
8.558210458616522E-5
6.901122858518428E-4
0.0015864623699268414
8.558210458616522E-5
8.558210458616522E-5
8.558210458616522E-5
1.6942058762008108E-4
8.558210458616522E-5
2.3459534871950042E-4
3.535335637827775E-4
1.5567115340324317E-4
9.461899468248403E-4
8.558210458616522E-5
1.5567115340324317E-4
3.847589152522572E-4
0.0030167356902954224
1.5567115340324317E-4
8.558210458616522E-5
8.558210458616522E-5
0.0019026169732535437
8.558210458616522E-5
8.558210458616522E-5
8.558210458616522E-5
1.5567115340324317E-4
0.0014721985239284018
1.2897163816557108E-4
8.721769287171341E-4
1.289716381655711E-4
0.0013527213278967658
7.839067469468104E-4
1.9435936439684038E-4
1.6942058762008108E-4
2.928982144139963E-4
8.558210458616522E-5
4.6249085346897016E-4
0.0020385416610630455
0.0012027028423076847
3.535335637827775E-4
8.558210458616522E-5
0.0018731025319654463
8.558210458616522E-5
8.558210458616522E-5
3.535335637827776E-4
1.9435936439684038E-4
8.558210458616522E-5
1.2897163816557108E-4
8.558210458616522E-5
2.3459534871950045E-4
0.006866772108378662
0.0015078395646176649
3.535335637827776E-4
0.0013797411712051476
8.558210458616522E-5
8.558210458616522E-5
3.353894561056821E-4
8.558210458616522E-5
8.558210458616522E-5
5.05429584684486E-4
2.928982144139963E-4
8.558210458616522E-5
0.002038541661063045
6.100628597967199E-4
1.2897163816557108E-4
0.001472198523928402
6.100628597967199E-4
9.19360499399021E-4
8.558210458616522E-5
0.0021967619055716175
8.558210458616522E-5
8.558210458616522E-5
1.2897163816557108E-4
0.001035694196310059
1.2897163816557108E-4
8.558210458616522E-5
0.001054690724573878
8.558210458616522E-5
1.2897163816557108E-4
4.2672155230106694E-4
3.535335637827775E-4
1.2897163816557108E-4
0.0011050967376128064
1.6942058762008108E-4
5.32772629138499E-4
0.0016653731205903525
2.8316092621323005E-4
8.558210458616522E-5
1.5567115340324317E-4
7.839067469468103E-4
4.2672155230106694E-4
1.9435936439684043E-4
7.363571587042801E-4
0.0011050967376128062
1.5567115340324317E-4
5.798290172793152E-4
7.761930668794035E-4
3.353894561056821E-4
1.2897163816557108E-4
8.558210458616522E-5
1.9435936439684038E-4
0.0013527213278967654
2.928982144139963E-4
8.737983083736329E-4
0.0010297608342120625
6.100628597967199E-4
8.558210458616522E-5
8.558210458616522E-5
0.0027313719511752096
1.2897163816557108E-4
5.661235076995162E-4
8.558210458616522E-5
8.558210458616522E-5
5.054295846844859E-4
1.6942058762008103E-4
1.6942058762008108E-4
4.249571177229899E-4
8.558210458616522E-5
7.761930668794035E-4
6.998643514216877E-4
0.0011318504648789702
8.558210458616522E-5
6.430664203334011E-4
2.3459534871950045E-4
2.5531565074257077E-4
1.2897163816557108E-4
8.447492205360749E-4
3.535335637827775E-4
8.558210458616522E-5
0.0013143645837035097
1.5567115340324317E-4
1.5567115340324317E-4
5.150608085124132E-4
1.2897163816557108E-4
8.558210458616522E-5
8.558210458616522E-5
0.0013797411712051476
1.6942058762008108E-4
0.0028737930218138796
0.0016653731205903532
8.558210458616522E-5
2.928982144139963E-4
7.729836159410092E-4
1.2897163816557108E-4
1.6942058762008108E-4
3.0817071410670484E-4
1.289716381655711E-4
3.535335637827776E-4
2.3459534871950045E-4
3.0817071410670484E-4
6.969705091609607E-4
8.558210458616522E-5
2.928982144139963E-4
8.558210458616522E-5
8.558210458616522E-5
8.558210458616522E-5
0.001486828992678849
8.558210458616522E-5
8.558210458616522E-5
8.558210458616522E-5
6.998643514216877E-4
1.5567115340324317E-4
1.9435936439684038E-4
1.9435936439684038E-4
1.2897163816557108E-4
1.2897163816557108E-4
6.969705091609609E-4
0.002565694576766299
8.558210458616522E-5
6.639457981288018E-4
6.075403342790344E-4
6.404074296592297E-4
1.5567115340324317E-4
8.558210458616522E-5
8.558210458616522E-5
2.3459534871950042E-4
8.558210458616522E-5
9.19360499399021E-4
0.0011207130019036515
6.100628597967199E-4
2.8316092621323005E-4
2.3459534871950045E-4
4.2672155230106694E-4
1.2897163816557108E-4
8.558210458616522E-5
8.558210458616522E-5
4.2672155230106683E-4
0.0014200057825717288
0.00229649388752226
1.6942058762008108E-4
8.558210458616522E-5
0.001145714901924694
8.558210458616522E-5
8.558210458616522E-5
8.558210458616522E-5
2.928982144139963E-4
1.6942058762008103E-4
6.404074296592297E-4
1.6942058762008108E-4
6.998643514216877E-4
0.0012730312176646207
4.0482127864601694E-4
7.363571587042801E-4
5.201793987983297E-4
8.558210458616522E-5
8.558210458616522E-5
1.2897163816557108E-4
8.558210458616522E-5
0.0013797411712051478
1.5567115340324317E-4
3.0817071410670484E-4
2.3459534871950045E-4
5.798290172793152E-4
2.3459534871950045E-4
2.2255540766788443E-4
5.582350167990989E-4
6.998643514216877E-4
1.6942058762008108E-4
1.2897163816557108E-4
6.100628597967199E-4
8.558210458616522E-5
1.6942058762008108E-4
5.327726291384988E-4
0.0010005617138289173
8.558210458616522E-5
8.737983083736329E-4
1.5567115340324317E-4
0.001120713001903652
0.0010005617138289173
1.2897163816557108E-4
6.901122858518428E-4
0.002914402961033117
2.8316092621323005E-4
1.2897163816557108E-4
9.19360499399021E-4
1.6942058762008108E-4
1.5567115340324317E-4
8.558210458616522E-5
9.19360499399021E-4
3.535335637827775E-4
8.558210458616522E-5
1.289716381655711E-4
6.901122858518428E-4
8.558210458616522E-5
6.969705091609607E-4
6.430664203334011E-4
1.5567115340324317E-4
8.558210458616522E-5
1.6942058762008108E-4
5.798290172793152E-4
4.267215523010669E-4
8.558210458616522E-5
0.0015518424365617222
1.2897163816557108E-4
5.05429584684486E-4
5.201793987983297E-4
8.558210458616522E-5
1.2897163816557108E-4
1.2897163816557108E-4
0.00131436458370351
0.00168192332696715
6.430664203334011E-4
1.9435936439684038E-4
4.2672155230106683E-4
6.404074296592297E-4
6.100628597967199E-4
0.0016653731205903523
3.0817071410670484E-4
0.001776970855904547
4.5793992124181865E-4
8.558210458616522E-5
3.535335637827775E-4
8.028846577451216E-4
9.19360499399021E-4
8.558210458616522E-5
3.520717514110204E-4
8.558210458616522E-5
8.558210458616522E-5
5.798290172793152E-4
2.928982144139963E-4
8.558210458616522E-5
5.798290172793152E-4
3.535335637827776E-4
8.558210458616522E-5
8.558210458616522E-5
8.531442004739966E-4
6.1006285979672E-4
0.002209419392044011
8.558210458616522E-5
8.558210458616522E-5
0.001109685132099318
2.3459534871950045E-4
1.5567115340324317E-4
3.353894561056821E-4
3.0817071410670484E-4
6.100628597967199E-4
1.2897163816557108E-4
7.761930668794035E-4
8.558210458616522E-5
8.558210458616522E-5
1.2897163816557108E-4
0.0013143645837035097
8.558210458616522E-5
1.5567115340324317E-4
2.8597493330193144E-4
1.9435936439684038E-4
8.412562993876584E-4
1.6942058762008108E-4
1.5567115340324317E-4
0.0020893567964657763
1.2897163816557108E-4
1.2897163816557108E-4
8.558210458616522E-5
1.9435936439684043E-4
8.558210458616522E-5
2.8597493330193144E-4
8.558210458616522E-5
4.405765449149163E-4
0.003337200351082024
4.644111292329754E-4
1.9435936439684043E-4
8.558210458616522E-5
4.267215523010669E-4
3.0817071410670484E-4
1.6942058762008108E-4
3.353894561056821E-4
3.068964708420081E-4
0.001551842436561722
8.558210458616522E-5
8.558210458616522E-5
6.99864351421688E-4
8.558210458616522E-5
1.5567115340324317E-4
8.558210458616522E-5
5.787531134192881E-4
1.2897163816557108E-4
0.0011096851320993183
2.8316092621323005E-4
2.928982144139963E-4
0.0031276167215964915
5.305696880308004E-4
8.558210458616522E-5
1.9435936439684038E-4
3.847589152522573E-4
1.6942058762008108E-4
8.558210458616522E-5
8.558210458616522E-5
0.002268087386583663
3.535335637827775E-4
5.327726291384988E-4
6.404074296592297E-4
3.535335637827775E-4
1.5567115340324317E-4
2.3459534871950045E-4
8.558210458616522E-5
5.054295846844859E-4
8.558210458616522E-5
0.0019339192908224103
4.309622414707746E-4
1.2897163816557108E-4
1.9435936439684043E-4
0.00160222837413736
8.558210458616522E-5
6.34105789771039E-4
2.5531565074257077E-4
4.413955780990503E-4
0.0013527213278967658
3.535335637827776E-4
8.558210458616522E-5
6.969705091609607E-4
0.0010005617138289173
0.0012076965002407248
8.721769287171341E-4
9.36879392270704E-4
0.001486828992678849
8.558210458616522E-5
6.430664203334011E-4
1.6942058762008108E-4
5.661235076995162E-4
8.558210458616522E-5
8.028846577451216E-4
8.558210458616522E-5
8.447492205360746E-4
8.447492205360748E-4
6.901122858518428E-4
1.2897163816557108E-4
2.3459534871950042E-4
2.928982144139963E-4
0.003552697003353323
2.928982144139963E-4
0.0027313719511752096
8.558210458616522E-5
0.0012730312176646207
8.558210458616522E-5
8.558210458616522E-5
1.2897163816557108E-4
1.2897163816557108E-4
1.289716381655711E-4
0.001472198523928402
2.3459534871950045E-4
0.001486828992678849
9.19360499399021E-4
8.558210458616522E-5
4.2672155230106694E-4
8.558210458616522E-5
1.2897163816557108E-4
5.787531134192881E-4
1.2897163816557108E-4
7.616788793558139E-4
0.0012076965002407248
5.054295846844859E-4
5.054295846844859E-4
2.928982144139963E-4
6.833215477897181E-4
1.2897163816557108E-4
8.558210458616522E-5
1.6942058762008108E-4
8.558210458616522E-5
1.5567115340324317E-4
1.2897163816557108E-4
8.558210458616522E-5
0.0026668100832326937
2.928982144139963E-4
0.001019627938109311
1.2897163816557108E-4
0.0010503297243535227
1.9435936439684038E-4
0.011542900383278367
8.558210458616522E-5
6.99864351421688E-4
8.558210458616522E-5
1.8976526156431293E-4
8.558210458616522E-5
0.001486828992678849
8.558210458616522E-5
0.0012856823942183687
8.558210458616522E-5
8.558210458616522E-5
6.546942296712538E-4
8.558210458616522E-5
4.0482127864601694E-4
4.249571177229899E-4
8.558210458616522E-5
4.2672155230106694E-4
2.8597493330193144E-4
8.558210458616522E-5
3.0817071410670484E-4
0.0012076965002407248
2.3459534871950045E-4
8.558210458616522E-5
1.2897163816557108E-4
2.8597493330193144E-4
1.2897163816557108E-4
0.001029760834212063
6.901122858518428E-4
0.004373824802618952
0.00160222837413736
0.002693312406765801
8.558210458616522E-5
6.99864351421688E-4
8.558210458616522E-5
0.001551842436561722
8.558210458616522E-5
4.413955780990503E-4
4.2672155230106683E-4
2.8316092621323005E-4
1.5567115340324317E-4
0.002390787790588816
0.001050329724353523
8.558210458616522E-5
3.535335637827775E-4
8.558210458616522E-5
3.7566430832201695E-4
8.558210458616522E-5
8.558210458616522E-5
7.363571587042801E-4
4.309622414707746E-4
8.558210458616522E-5
2.3459534871950045E-4
1.2897163816557108E-4
1.5567115340324317E-4
0.0013854698975395016
0.001776970855904547
0.0018124648435426031
8.558210458616522E-5
8.558210458616522E-5
8.558210458616522E-5
0.0012076965002407246
2.928982144139963E-4
8.558210458616522E-5
1.8976526156431293E-4
8.558210458616522E-5
8.558210458616522E-5
1.9435936439684038E-4
9.193604993990208E-4
0.001109685132099318
2.5175802566566646E-4
1.2897163816557108E-4
2.928982144139963E-4
0.001776970855904547
5.054295846844859E-4
2.3459534871950045E-4
0.0015518424365617222
1.9435936439684038E-4
8.558210458616522E-5
5.054295846844859E-4
8.558210458616522E-5
1.5567115340324317E-4
1.2897163816557108E-4
4.2672155230106694E-4
0.0010005617138289177
8.558210458616522E-5
8.558210458616522E-5
5.798290172793152E-4
0.0013854698975395016
8.558210458616522E-5
8.558210458616522E-5
8.558210458616522E-5
4.2672155230106683E-4
8.558210458616522E-5
6.998643514216877E-4
8.558210458616522E-5
3.793975989307439E-4
1.2897163816557108E-4
0.0013143645837035097
6.901122858518427E-4
8.558210458616522E-5
8.558210458616522E-5
8.558210458616522E-5
1.2897163816557108E-4
4.644111292329754E-4
8.737983083736329E-4
8.558210458616522E-5
1.2897163816557108E-4
1.6942058762008108E-4
8.558210458616522E-5
1.2897163816557108E-4
8.558210458616522E-5
0.0013143645837035097
0.0019339192908224103
1.2897163816557108E-4
1.6942058762008108E-4
1.6942058762008108E-4
0.002474734946479443
8.558210458616522E-5
8.558210458616522E-5
8.558210458616522E-5
8.558210458616522E-5
4.309622414707746E-4
3.847589152522572E-4
8.558210458616522E-5
7.510654764020058E-4
2.928982144139963E-4
9.866196643158725E-4
1.2897163816557108E-4
4.0482127864601694E-4
1.2897163816557108E-4
0.0015302187188160252
2.553156507425708E-4
2.2255540766788443E-4
2.928982144139963E-4
1.2897163816557108E-4
5.327726291384988E-4
6.804961077331663E-4
8.558210458616522E-5
2.3459534871950045E-4
3.535335637827776E-4
1.5567115340324317E-4
3.535335637827775E-4
8.558210458616522E-5
2.3459534871950045E-4
9.19360499399021E-4
8.558210458616522E-5
9.155590709356341E-4
2.3459534871950045E-4
1.6942058762008108E-4
1.9435936439684043E-4
2.3459534871950047E-4
0.0031406026791446925
8.558210458616522E-5
5.661235076995162E-4
0.0012730312176646205
9.193604993990208E-4
8.558210458616522E-5
1.2897163816557108E-4
8.093589935706978E-4
8.558210458616522E-5
9.155590709356341E-4
1.5567115340324317E-4
8.558210458616522E-5
4.6441112923297536E-4
5.787531134192881E-4
2.5531565074257077E-4
0.002390787790588816
6.969705091609607E-4
1.6942058762008108E-4
0.0028737930218138796
1.2897163816557108E-4
3.451770353911134E-4
8.558210458616522E-5
0.0019339192908224103
6.639457981288018E-4
0.0011096851320993183
1.2897163816557108E-4
3.535335637827776E-4
1.5567115340324317E-4
8.558210458616522E-5
1.5567115340324317E-4
4.644111292329754E-4
2.3459534871950045E-4
0.0018576445169319015
1.9435936439684038E-4
8.558210458616522E-5
5.327726291384988E-4
8.558210458616522E-5
8.558210458616522E-5
5.054295846844859E-4
2.3459534871950045E-4
0.0012076965002407248
1.9435936439684038E-4
3.847589152522572E-4
1.5567115340324317E-4
8.558210458616522E-5
4.2672155230106694E-4
0.002811080836005824
6.404074296592297E-4
1.6942058762008108E-4
0.003800474222379795
8.558210458616522E-5
8.558210458616522E-5
8.558210458616522E-5
6.404074296592297E-4
4.2672155230106694E-4
1.9435936439684038E-4
1.2897163816557108E-4
1.5567115340324317E-4
1.2897163816557108E-4
1.5567115340324317E-4
1.5567115340324317E-4
6.430664203334011E-4
1.2897163816557108E-4
3.520717514110204E-4
1.9435936439684038E-4
0.001000561713828917
2.3459534871950045E-4
1.6942058762008108E-4
8.558210458616522E-5
2.2255540766788443E-4
1.289716381655711E-4
2.3459534871950045E-4
8.558210458616522E-5
8.558210458616522E-5
0.001586462369926841
3.535335637827776E-4
5.32772629138499E-4
8.558210458616522E-5
3.535335637827776E-4
5.327726291384988E-4
1.2897163816557108E-4
2.928982144139963E-4
4.2672155230106694E-4
8.558210458616522E-5
8.558210458616522E-5
6.998643514216879E-4
0.004850843567959448
3.535335637827775E-4
1.2897163816557108E-4
8.558210458616522E-5
0.001000561713828917
0.001255292517469496
0.0018731025319654463
8.558210458616522E-5
6.99864351421688E-4
0.0011096851320993183
8.558210458616522E-5
8.447492205360746E-4
8.558210458616522E-5
0.00158283961137554
1.5567115340324317E-4
1.2897163816557108E-4
2.3459534871950045E-4
9.19360499399021E-4
2.928982144139963E-4
3.535335637827775E-4
9.155590709356344E-4
0.002833748950522119
8.558210458616522E-5
1.9435936439684038E-4
0.001486828992678849
4.249571177229899E-4
6.100628597967199E-4
1.5567115340324317E-4
0.0012076965002407248
6.430664203334011E-4
3.0817071410670484E-4
8.558210458616522E-5
3.535335637827776E-4
3.535335637827775E-4
9.866196643158727E-4
1.5567115340324317E-4
6.1006285979672E-4
8.558210458616522E-5
8.558210458616522E-5
8.558210458616522E-5
4.267215523010669E-4
1.5567115340324317E-4
1.2897163816557108E-4
1.5567115340324317E-4
8.558210458616522E-5
0.0011050967376128064
1.5567115340324317E-4
1.5567115340324317E-4
1.2897163816557108E-4
8.558210458616522E-5
1.2897163816557108E-4
6.99864351421688E-4
8.558210458616522E-5
8.558210458616522E-5
7.616788793558139E-4
1.2897163816557108E-4
1.5567115340324317E-4
0.0024402514391868805
6.998643514216877E-4
8.558210458616522E-5
8.558210458616522E-5
4.0482127864601705E-4
2.3459534871950045E-4
7.761930668794034E-4
8.558210458616522E-5
5.605528251737686E-4
3.353894561056821E-4
1.6942058762008108E-4
1.6942058762008108E-4
0.003907645117593692
2.3459534871950045E-4
1.289716381655711E-4
3.0817071410670484E-4
2.3459534871950045E-4
1.2897163816557108E-4
3.847589152522572E-4
8.558210458616522E-5
8.558210458616522E-5
6.639457981288018E-4
0.0010399944293831625
6.998643514216879E-4
2.5531565074257077E-4
8.558210458616522E-5
2.3459534871950045E-4
2.928982144139963E-4
5.327726291384988E-4
8.558210458616522E-5
3.353894561056821E-4
3.535335637827775E-4
0.0041772500686069755
0.0024402514391868805
2.3459534871950047E-4
1.5567115340324317E-4
8.558210458616522E-5
8.558210458616522E-5
6.430664203334011E-4
0.002540448018814171
1.5567115340324317E-4
8.558210458616522E-5
2.928982144139963E-4
0.003979318485259374
8.558210458616522E-5
0.0011160790087013021
8.558210458616522E-5
8.558210458616522E-5
1.2897163816557108E-4
8.558210458616522E-5
2.3459534871950045E-4
1.9435936439684043E-4
3.0817071410670484E-4
2.8316092621323005E-4
1.6942058762008108E-4
5.798290172793152E-4
8.558210458616522E-5
0.0013527213278967658
1.9435936439684038E-4
1.6942058762008108E-4
6.075403342790344E-4
8.558210458616522E-5
2.8316092621323005E-4
6.100628597967199E-4
0.013481459614907479
0.002038541661063046
4.405765449149163E-4
8.721769287171341E-4
0.0017210897193171747
1.2897163816557108E-4
6.404074296592297E-4
5.787531134192881E-4
1.5567115340324317E-4
1.6942058762008108E-4
3.0817071410670484E-4
6.546942296712538E-4
8.558210458616522E-5
1.2897163816557108E-4
8.558210458616522E-5
3.520717514110204E-4
8.558210458616522E-5
8.013948621731828E-4
2.3459534871950045E-4
1.5567115340324317E-4
0.0014118707476171403
0.0011908681885330413
0.0015078395646176649
8.558210458616522E-5
5.150608085124132E-4
8.558210458616522E-5
0.003656374393815109
2.8316092621323005E-4
8.558210458616522E-5
1.2897163816557108E-4
0.00160222837413736
0.003677441997596084
3.353894561056821E-4
1.2897163816557108E-4
1.2897163816557108E-4
8.558210458616522E-5
1.9435936439684038E-4
6.1006285979672E-4
7.839067469468104E-4
3.3538945610568215E-4
1.2897163816557108E-4
3.535335637827775E-4
8.558210458616522E-5
1.2897163816557108E-4
3.0817071410670484E-4
1.6942058762008108E-4
8.558210458616522E-5
1.2897163816557108E-4
8.558210458616522E-5
1.5567115340324317E-4
8.558210458616522E-5
8.558210458616522E-5
1.5567115340324317E-4
8.558210458616522E-5
6.639457981288019E-4
0.001000561713828917
2.3459534871950045E-4
1.2897163816557108E-4
8.558210458616522E-5
8.558210458616522E-5
5.054295846844859E-4
0.0013854698975395016
3.535335637827775E-4
1.2897163816557108E-4
8.558210458616522E-5
