1.4297209673260223E-4
3.919112418691907E-4
1.4297209673260223E-4
1.4297209673260223E-4
1.4297209673260223E-4
1.4297209673260223E-4
7.758378134478307E-4
5.881654434996242E-4
2.60061742001635E-4
3.246936492366211E-4
2.1545795837499206E-4
2.60061742001635E-4
3.919112418691907E-4
1.4297209673260223E-4
8.443625898481451E-4
2.60061742001635E-4
0.0014112245528114533
1.4297209673260223E-4
5.906075238951743E-4
4.777451550747761E-4
2.8303132715467504E-4
7.758378134478307E-4
7.128742083229485E-4
2.60061742001635E-4
5.906075238951743E-4
2.1545795837499206E-4
4.265262474184938E-4
1.4297209673260223E-4
3.919112418691907E-4
2.8303132715467504E-4
5.906075238951743E-4
5.881654434996243E-4
4.265262474184938E-4
7.128742083229484E-4
1.4297209673260223E-4
8.443625898481451E-4
1.4297209673260223E-4
0.0015358689633516998
2.8303132715467504E-4
8.863612448809631E-4
1.4297209673260223E-4
0.0012423715011819355
1.4297209673260223E-4
5.906075238951743E-4
2.60061742001635E-4
6.427720972296519E-4
1.4297209673260223E-4
1.4297209673260223E-4
8.443625898481451E-4
5.906075238951741E-4
3.246936492366211E-4
2.1545795837499206E-4
2.1545795837499209E-4
1.4297209673260223E-4
1.4297209673260223E-4
5.906075238951743E-4
0.003654700918998154
0.0010191612677158265
6.762879610155132E-4
3.246936492366211E-4
1.4297209673260223E-4
7.650271167564805E-4
2.1545795837499206E-4
1.4297209673260223E-4
2.1545795837499206E-4
1.4297209673260223E-4
1.4297209673260223E-4
5.602962674651029E-4
1.4297209673260223E-4
2.1545795837499206E-4
2.83031327154675E-4
6.762879610155132E-4
2.83031327154675E-4
2.8303132715467504E-4
4.265262474184938E-4
2.1545795837499206E-4
9.457568880410503E-4
2.1545795837499206E-4
1.4297209673260223E-4
8.863612448809631E-4
2.1545795837499206E-4
0.0012301465058973471
6.830088004397632E-4
3.7179750868851903E-4
1.4297209673260223E-4
5.906075238951743E-4
0.0017131887882787392
0.0016963309282599021
1.4297209673260223E-4
2.1545795837499206E-4
1.4297209673260223E-4
3.246936492366211E-4
3.246936492366211E-4
2.60061742001635E-4
1.4297209673260223E-4
1.4297209673260223E-4
1.4297209673260223E-4
0.0011415460615566127
7.199586359041133E-4
1.4297209673260223E-4
3.9191124186919063E-4
2.1545795837499206E-4
1.4297209673260223E-4
5.906075238951743E-4
5.60296267465103E-4
7.726298314332236E-4
5.906075238951743E-4
0.0020970716261676627
0.002419623107116569
0.0022504905368551063
2.1545795837499206E-4
6.76287961015513E-4
7.758378134478307E-4
1.4297209673260223E-4
1.4297209673260223E-4
2.83031327154675E-4
5.766472410610584E-4
3.919112418691907E-4
5.148250719057615E-4
1.4297209673260223E-4
1.4297209673260223E-4
0.0025817636242953146
0.0014933648919621444
2.1545795837499206E-4
6.338155678308949E-4
3.246936492366211E-4
0.0021091547088506503
9.686530933971567E-4
3.919112418691907E-4
6.427720972296521E-4
5.906075238951743E-4
6.275787921799241E-4
0.0025817636242953146
1.4297209673260223E-4
1.4297209673260223E-4
4.893110778999686E-4
6.762879610155132E-4
3.7179750868851903E-4
2.1545795837499206E-4
1.4297209673260223E-4
9.551556656998421E-4
7.758378134478307E-4
1.4297209673260223E-4
5.60296267465103E-4
6.338155678308949E-4
2.1545795837499206E-4
5.906075238951741E-4
1.4297209673260223E-4
0.001737398079635138
2.8303132715467504E-4
1.4297209673260223E-4
0.003027874813180322
1.4297209673260223E-4
2.1545795837499206E-4
4.893110778999686E-4
1.4297209673260223E-4
1.4297209673260223E-4
2.1545795837499206E-4
1.4297209673260223E-4
1.4297209673260223E-4
9.55155665699842E-4
0.001169182205030009
2.1545795837499206E-4
1.4297209673260223E-4
6.427720972296519E-4
2.1545795837499206E-4
2.8303132715467504E-4
2.8303132715467504E-4
2.60061742001635E-4
0.001405389334540933
0.0023722389755243185
4.893110778999686E-4
6.427720972296519E-4
2.8303132715467504E-4
5.60296267465103E-4
1.4297209673260223E-4
1.4297209673260223E-4
1.4297209673260223E-4
2.1545795837499206E-4
4.777451550747761E-4
1.4297209673260223E-4
0.0013332617120846394
0.0036547009189981552
1.4297209673260223E-4
3.919112418691907E-4
2.60061742001635E-4
1.4297209673260223E-4
2.1545795837499206E-4
0.0010191612677158267
2.60061742001635E-4
0.005794790467386406
1.4297209673260223E-4
1.4297209673260223E-4
5.881654434996242E-4
2.1545795837499206E-4
3.246936492366211E-4
0.0014995653873607923
1.4297209673260223E-4
2.1545795837499206E-4
4.2652624741849383E-4
4.265262474184938E-4
2.8303132715467504E-4
1.4297209673260223E-4
1.4297209673260223E-4
1.4297209673260223E-4
1.4297209673260223E-4
0.0010191612677158267
1.4297209673260223E-4
1.4297209673260223E-4
1.4297209673260223E-4
2.1545795837499206E-4
8.443625898481453E-4
1.4297209673260223E-4
1.4297209673260223E-4
4.730441197866456E-4
3.246936492366211E-4
4.265262474184938E-4
8.863612448809631E-4
1.4297209673260223E-4
3.919112418691907E-4
8.443625898481451E-4
0.0010191612677158267
1.4297209673260223E-4
5.766472410610584E-4
2.1545795837499206E-4
0.0016482310497849032
3.9191124186919063E-4
7.650271167564805E-4
1.4297209673260223E-4
1.4297209673260223E-4
3.246936492366211E-4
1.4297209673260223E-4
6.427720972296519E-4
2.8303132715467504E-4
1.4297209673260223E-4
6.427720972296519E-4
1.4297209673260223E-4
6.76287961015513E-4
2.8303132715467504E-4
1.4297209673260223E-4
1.4297209673260223E-4
0.0011091772437040656
1.4297209673260223E-4
5.148250719057615E-4
9.457568880410501E-4
0.005377424724517134
5.766472410610584E-4
2.1545795837499209E-4
1.4297209673260223E-4
1.4297209673260223E-4
5.60296267465103E-4
1.4297209673260223E-4
2.60061742001635E-4
0.0019189150686089898
1.4297209673260223E-4
7.128742083229487E-4
5.906075238951741E-4
1.4297209673260223E-4
0.001093721721234306
0.001048903173821742
3.246936492366211E-4
9.551556656998421E-4
4.730441197866456E-4
1.4297209673260223E-4
2.8303132715467504E-4
2.1545795837499206E-4
5.148250719057615E-4
3.9029074310843623E-4
2.1545795837499206E-4
1.4297209673260223E-4
1.4297209673260223E-4
1.4297209673260223E-4
0.001720301999025766
3.170188144361946E-4
1.4297209673260223E-4
1.4297209673260223E-4
1.4297209673260223E-4
1.4297209673260223E-4
1.4297209673260223E-4
7.128742083229487E-4
4.265262474184938E-4
6.427720972296519E-4
1.4297209673260223E-4
6.830088004397632E-4
1.4297209673260223E-4
1.4297209673260223E-4
1.4297209673260223E-4
1.4297209673260223E-4
1.4297209673260223E-4
7.128742083229487E-4
5.148250719057615E-4
2.1545795837499206E-4
3.246936492366211E-4
1.4297209673260223E-4
9.364505948061612E-4
1.4297209673260223E-4
4.265262474184938E-4
7.758378134478307E-4
7.128742083229487E-4
1.4297209673260223E-4
1.4297209673260223E-4
0.001751408184974378
5.148250719057615E-4
3.246936492366211E-4
1.4297209673260223E-4
2.1545795837499206E-4
2.8303132715467504E-4
2.1545795837499206E-4
2.83031327154675E-4
2.8303132715467504E-4
6.427720972296519E-4
1.4297209673260223E-4
1.4297209673260223E-4
4.265262474184938E-4
1.4297209673260223E-4
7.758378134478307E-4
5.906075238951741E-4
5.906075238951743E-4
2.1545795837499209E-4
1.4297209673260223E-4
4.2058293579869837E-4
4.205829357986984E-4
3.246936492366211E-4
1.4297209673260223E-4
2.60061742001635E-4
1.4297209673260223E-4
3.7179750868851903E-4
2.1545795837499206E-4
5.881654434996242E-4
4.205829357986984E-4
1.4297209673260223E-4
5.881654434996242E-4
0.0029980803794877934
1.4297209673260223E-4
2.1545795837499206E-4
2.1545795837499209E-4
4.265262474184938E-4
0.0014570448439363093
2.60061742001635E-4
1.4297209673260223E-4
7.758378134478307E-4
2.1545795837499206E-4
0.003922073872255721
1.4297209673260223E-4
7.128742083229487E-4
7.758378134478308E-4
3.717975086885189E-4
0.0021179119818638677
3.246936492366211E-4
3.246936492366211E-4
2.60061742001635E-4
0.0010849726719505538
1.4297209673260223E-4
8.325970536778911E-4
1.4297209673260223E-4
2.60061742001635E-4
1.4297209673260223E-4
0.001737398079635138
3.9191124186919063E-4
1.4297209673260223E-4
2.1545795837499206E-4
8.443625898481453E-4
9.686530933971567E-4
1.4297209673260223E-4
2.1545795837499209E-4
1.4297209673260223E-4
2.1545795837499206E-4
4.265262474184938E-4
0.0012423715011819353
1.4297209673260223E-4
1.4297209673260223E-4
7.758378134478307E-4
5.906075238951741E-4
3.246936492366211E-4
1.4297209673260223E-4
1.4297209673260223E-4
1.4297209673260223E-4
7.758378134478307E-4
1.4297209673260223E-4
1.4297209673260223E-4
1.4297209673260223E-4
1.4297209673260223E-4
6.427720972296519E-4
8.443625898481451E-4
2.1545795837499206E-4
4.777451550747761E-4
6.427720972296521E-4
1.4297209673260223E-4
2.83031327154675E-4
4.265262474184938E-4
2.60061742001635E-4
6.76287961015513E-4
5.881654434996242E-4
2.8303132715467504E-4
1.4297209673260223E-4
4.265262474184938E-4
9.686530933971567E-4
3.919112418691907E-4
0.0011091772437040656
1.4297209673260223E-4
9.364505948061609E-4
1.4297209673260223E-4
2.60061742001635E-4
1.4297209673260223E-4
2.1545795837499206E-4
2.83031327154675E-4
1.4297209673260223E-4
2.1545795837499209E-4
1.4297209673260223E-4
5.881654434996242E-4
5.148250719057615E-4
0.0015586641261567283
3.170188144361946E-4
2.8303132715467504E-4
5.881654434996242E-4
3.246936492366211E-4
4.893110778999686E-4
3.919112418691907E-4
3.919112418691907E-4
1.4297209673260223E-4
2.60061742001635E-4
3.246936492366211E-4
5.881654434996242E-4
7.373884014009387E-4
1.4297209673260223E-4
1.4297209673260223E-4
1.4297209673260223E-4
2.60061742001635E-4
0.0020175584801399547
8.443625898481453E-4
1.4297209673260223E-4
3.9029074310843623E-4
0.001720301999025766
2.8303132715467504E-4
1.4297209673260223E-4
1.4297209673260223E-4
0.0011415460615566127
0.0072050266828703954
1.4297209673260223E-4
1.4297209673260223E-4
5.881654434996243E-4
1.4297209673260223E-4
1.4297209673260223E-4
3.246936492366211E-4
2.1545795837499206E-4
2.83031327154675E-4
1.4297209673260223E-4
3.919112418691907E-4
1.4297209673260223E-4
1.4297209673260223E-4
0.0018461569557428536
0.002143855035519878
5.602962674651029E-4
0.0011691822050300088
1.4297209673260223E-4
0.0026393599900936524
8.443625898481451E-4
6.427720972296519E-4
2.1545795837499209E-4
1.4297209673260223E-4
3.246936492366211E-4
0.0015295183576892481
1.4297209673260223E-4
0.0014112245528114533
2.1545795837499206E-4
7.128742083229487E-4
6.427720972296519E-4
1.4297209673260223E-4
1.4297209673260223E-4
1.4297209673260223E-4
2.1545795837499206E-4
0.0022598346404252238
0.0011415460615566127
2.60061742001635E-4
2.60061742001635E-4
2.1545795837499206E-4
1.4297209673260223E-4
7.650271167564805E-4
5.126963414640175E-4
0.0016482310497849032
0.00106985442136834
2.8303132715467504E-4
2.1545795837499206E-4
0.0021651603171057923
2.1545795837499209E-4
1.4297209673260223E-4
3.9191124186919063E-4
5.906075238951743E-4
1.4297209673260223E-4
2.1545795837499206E-4
0.001242371501181935
1.4297209673260223E-4
1.4297209673260223E-4
7.758378134478307E-4
1.4297209673260223E-4
7.758378134478307E-4
6.427720972296519E-4
0.01243310291682613
5.148250719057615E-4
0.0012423715011819355
7.758378134478307E-4
1.4297209673260223E-4
1.4297209673260223E-4
5.906075238951743E-4
0.0010489031738217418
0.0015295183576892486
3.919112418691907E-4
0.001169182205030009
7.128742083229487E-4
1.4297209673260223E-4
7.758378134478308E-4
3.246936492366211E-4
2.8303132715467504E-4
0.0010489031738217418
3.246936492366211E-4
1.4297209673260223E-4
2.8303132715467504E-4
7.199586359041133E-4
6.427720972296519E-4
2.1545795837499206E-4
0.002531204251245073
5.906075238951743E-4
2.1545795837499206E-4
5.148250719057615E-4
1.4297209673260223E-4
0.0015295183576892486
1.4297209673260223E-4
8.443625898481453E-4
1.4297209673260223E-4
1.4297209673260223E-4
2.1545795837499206E-4
2.8303132715467504E-4
3.246936492366211E-4
1.4297209673260223E-4
1.4297209673260223E-4
1.4297209673260223E-4
1.4297209673260223E-4
1.4297209673260223E-4
5.60296267465103E-4
3.9191124186919063E-4
2.60061742001635E-4
5.881654434996242E-4
1.4297209673260223E-4
6.427720972296519E-4
3.9029074310843623E-4
0.002037608647163028
9.364505948061612E-4
0.0021957564763316474
0.0010191612677158265
1.4297209673260223E-4
5.60296267465103E-4
2.8303132715467504E-4
0.0015295183576892486
1.4297209673260223E-4
3.246936492366211E-4
1.4297209673260223E-4
4.265262474184938E-4
6.76287961015513E-4
1.4297209673260223E-4
2.1545795837499206E-4
8.443625898481453E-4
1.4297209673260223E-4
2.60061742001635E-4
1.4297209673260223E-4
2.8303132715467504E-4
1.4297209673260223E-4
6.734916038671142E-4
5.906075238951743E-4
3.7179750868851903E-4
3.919112418691907E-4
1.4297209673260223E-4
1.4297209673260223E-4
2.60061742001635E-4
2.8303132715467504E-4
2.1545795837499206E-4
9.364505948061612E-4
3.9029074310843623E-4
6.427720972296519E-4
3.170188144361946E-4
7.758378134478307E-4
0.0013387974543238406
2.60061742001635E-4
0.0010937217212343058
0.0012423715011819353
1.4297209673260223E-4
3.9191124186919063E-4
1.4297209673260223E-4
1.4297209673260223E-4
5.148250719057615E-4
5.906075238951743E-4
3.170188144361946E-4
5.906075238951743E-4
0.0012547179864752273
2.60061742001635E-4
2.60061742001635E-4
1.4297209673260223E-4
1.4297209673260223E-4
5.148250719057615E-4
3.246936492366211E-4
5.60296267465103E-4
4.7304411978664555E-4
3.919112418691907E-4
1.4297209673260223E-4
2.1545795837499206E-4
1.4297209673260223E-4
7.199586359041133E-4
1.4297209673260223E-4
2.1545795837499206E-4
2.1545795837499209E-4
0.0010191612677158263
0.001405389334540933
3.246936492366211E-4
0.0017586800837919663
0.0010191612677158265
0.001109177243704066
2.8303132715467504E-4
0.0018722452373945951
5.766472410610584E-4
9.686530933971567E-4
5.906075238951743E-4
2.1545795837499206E-4
0.0010191612677158265
0.0017546640583044825
1.4297209673260223E-4
3.9191124186919063E-4
2.8303132715467504E-4
8.244042586520146E-4
2.1545795837499209E-4
6.76287961015513E-4
3.9029074310843623E-4
1.4297209673260223E-4
5.881654434996242E-4
0.0017203019990257664
1.4297209673260223E-4
1.4297209673260223E-4
1.4297209673260223E-4
4.265262474184938E-4
0.0023332079961481188
3.919112418691907E-4
1.4297209673260223E-4
7.726298314332237E-4
2.1545795837499206E-4
3.9191124186919063E-4
9.551556656998421E-4
2.1545795837499209E-4
5.766472410610584E-4
1.4297209673260223E-4
5.60296267465103E-4
1.4297209673260223E-4
1.4297209673260223E-4
2.8303132715467504E-4
3.919112418691907E-4
5.906075238951743E-4
0.001405389334540933
1.4297209673260223E-4
1.4297209673260223E-4
1.4297209673260223E-4
6.830088004397632E-4
3.919112418691907E-4
2.60061742001635E-4
1.4297209673260223E-4
1.4297209673260223E-4
0.0012250600202970733
4.730441197866456E-4
2.60061742001635E-4
2.60061742001635E-4
1.4297209673260223E-4
2.1545795837499206E-4
1.4297209673260223E-4
7.128742083229487E-4
1.4297209673260223E-4
7.128742083229487E-4
2.1545795837499206E-4
0.0015358689633516993
1.4297209673260223E-4
5.881654434996242E-4
6.275787921799243E-4
2.1545795837499206E-4
3.9191124186919063E-4
1.4297209673260223E-4
6.427720972296519E-4
3.919112418691907E-4
1.4297209673260223E-4
6.427720972296521E-4
7.128742083229485E-4
3.9029074310843623E-4
7.758378134478307E-4
7.199586359041133E-4
2.60061742001635E-4
2.60061742001635E-4
2.1545795837499209E-4
1.4297209673260223E-4
1.4297209673260223E-4
0.0010191612677158265
1.4297209673260223E-4
1.4297209673260223E-4
7.758378134478308E-4
3.246936492366211E-4
0.001720301999025766
7.128742083229487E-4
3.246936492366211E-4
5.148250719057616E-4
1.4297209673260223E-4
2.1545795837499206E-4
1.4297209673260223E-4
0.0022598346404252233
7.758378134478307E-4
1.4297209673260223E-4
2.60061742001635E-4
2.1545795837499206E-4
7.758378134478308E-4
0.001720301999025766
1.4297209673260223E-4
2.1545795837499209E-4
2.83031327154675E-4
5.906075238951743E-4
1.4297209673260223E-4
0.0011528905600799739
1.4297209673260223E-4
2.1545795837499206E-4
7.128742083229487E-4
0.0011415460615566127
3.717975086885189E-4
3.246936492366211E-4
4.730441197866456E-4
3.7179750868851903E-4
2.60061742001635E-4
3.7179750868851903E-4
4.2058293579869837E-4
5.126963414640176E-4
2.60061742001635E-4
4.265262474184938E-4
1.4297209673260223E-4
2.60061742001635E-4
3.9191124186919063E-4
0.0011643477983788728
2.1545795837499206E-4
2.60061742001635E-4
2.60061742001635E-4
1.4297209673260223E-4
5.906075238951743E-4
1.4297209673260223E-4
1.4297209673260223E-4
1.4297209673260223E-4
0.0029980803794877925
1.4297209673260223E-4
4.777451550747761E-4
1.4297209673260223E-4
3.9191124186919063E-4
9.364505948061609E-4
8.325970536778913E-4
2.60061742001635E-4
1.4297209673260223E-4
1.4297209673260223E-4
2.8303132715467504E-4
0.005224946530876548
5.906075238951743E-4
1.4297209673260223E-4
5.906075238951743E-4
3.919112418691907E-4
7.758378134478307E-4
2.8303132715467504E-4
1.4297209673260223E-4
1.4297209673260223E-4
1.4297209673260223E-4
1.4297209673260223E-4
3.919112418691907E-4
1.4297209673260223E-4
2.60061742001635E-4
3.9029074310843623E-4
1.4297209673260223E-4
0.001405389334540933
9.364505948061609E-4
1.4297209673260223E-4
0.003654700918998155
1.4297209673260223E-4
5.148250719057615E-4
4.893110778999686E-4
1.4297209673260223E-4
0.0013387974543238406
1.4297209673260223E-4
1.4297209673260223E-4
4.265262474184938E-4
6.762879610155132E-4
6.427720972296521E-4
1.4297209673260223E-4
1.4297209673260223E-4
1.4297209673260223E-4
1.4297209673260223E-4
7.758378134478309E-4
3.246936492366211E-4
2.1545795837499206E-4
2.60061742001635E-4
5.906075238951743E-4
2.60061742001635E-4
1.4297209673260223E-4
2.83031327154675E-4
1.4297209673260223E-4
1.4297209673260223E-4
2.1545795837499206E-4
9.457568880410501E-4
4.730441197866456E-4
6.76287961015513E-4
1.4297209673260223E-4
8.325970536778913E-4
1.4297209673260223E-4
3.9191124186919063E-4
1.4297209673260223E-4
1.4297209673260223E-4
1.4297209673260223E-4
2.1545795837499206E-4
7.758378134478307E-4
6.338155678308949E-4
5.60296267465103E-4
0.0010149471768837659
0.002581763624295316
4.265262474184938E-4
8.443625898481453E-4
4.265262474184938E-4
3.919112418691907E-4
2.1545795837499206E-4
1.4297209673260223E-4
7.758378134478307E-4
7.758378134478307E-4
2.1545795837499209E-4
2.8303132715467504E-4
2.1545795837499206E-4
0.002727662220774275
4.893110778999686E-4
7.758378134478307E-4
2.8303132715467504E-4
5.602962674651029E-4
3.919112418691907E-4
1.4297209673260223E-4
1.4297209673260223E-4
2.60061742001635E-4
4.7304411978664555E-4
1.4297209673260223E-4
0.001405389334540933
1.4297209673260223E-4
8.6900339367588E-4
2.8303132715467504E-4
7.758378134478307E-4
0.0010191612677158265
2.1545795837499206E-4
8.443625898481453E-4
4.2652624741849367E-4
1.4297209673260223E-4
3.9191124186919063E-4
6.427720972296519E-4
2.1545795837499206E-4
6.338155678308949E-4
1.4297209673260223E-4
0.0018722452373945945
1.4297209673260223E-4
1.4297209673260223E-4
3.246936492366211E-4
2.8303132715467504E-4
3.919112418691907E-4
1.4297209673260223E-4
1.4297209673260223E-4
8.443625898481451E-4
1.4297209673260223E-4
2.1545795837499206E-4
3.246936492366211E-4
4.265262474184938E-4
1.4297209673260223E-4
0.001141546061556613
2.60061742001635E-4
2.8303132715467504E-4
2.60061742001635E-4
2.60061742001635E-4
3.246936492366211E-4
1.4297209673260223E-4
1.4297209673260223E-4
0.002891791702200181
0.0013387974543238406
7.36020137647722E-4
1.4297209673260223E-4
6.427720972296521E-4
1.4297209673260223E-4
2.1545795837499206E-4
2.60061742001635E-4
0.0010191612677158265
2.1545795837499206E-4
8.325970536778911E-4
0.0011786103067674498
0.0010149471768837659
3.919112418691907E-4
2.8303132715467504E-4
1.4297209673260223E-4
5.766472410610584E-4
1.4297209673260223E-4
1.4297209673260223E-4
1.4297209673260223E-4
4.265262474184938E-4
1.4297209673260223E-4
1.4297209673260223E-4
1.4297209673260223E-4
3.246936492366211E-4
2.8303132715467504E-4
5.906075238951741E-4
0.0010742964887107708
3.9191124186919063E-4
9.551556656998421E-4
1.4297209673260223E-4
2.1545795837499206E-4
8.443625898481451E-4
1.4297209673260223E-4
1.4297209673260223E-4
1.4297209673260223E-4
1.4297209673260223E-4
2.1545795837499209E-4
0.0036037755033403304
2.1545795837499206E-4
5.602962674651029E-4
0.001405389334540933
3.246936492366211E-4
1.4297209673260223E-4
9.364505948061612E-4
4.730441197866456E-4
3.246936492366211E-4
0.001242371501181935
5.766472410610584E-4
8.443625898481453E-4
1.4297209673260223E-4
5.148250719057615E-4
1.4297209673260223E-4
1.4297209673260223E-4
0.0019140130121600347
0.0010489031738217418
7.758378134478307E-4
1.4297209673260223E-4
4.2652624741849383E-4
5.148250719057615E-4
2.1545795837499206E-4
5.60296267465103E-4
2.1545795837499206E-4
3.7179750868851903E-4
0.0021179119818638672
1.4297209673260223E-4
7.758378134478307E-4
1.4297209673260223E-4
1.4297209673260223E-4
1.4297209673260223E-4
0.0011091772437040656
0.0013387974543238408
3.919112418691907E-4
1.4297209673260223E-4
9.325785011628311E-4
2.8303132715467504E-4
1.4297209673260223E-4
1.4297209673260223E-4
3.919112418691907E-4
0.0010191612677158267
1.4297209673260223E-4
1.4297209673260223E-4
1.4297209673260223E-4
2.8303132715467504E-4
1.4297209673260223E-4
3.9191124186919063E-4
3.246936492366211E-4
2.60061742001635E-4
8.6900339367588E-4
1.4297209673260223E-4
2.60061742001635E-4
6.427720972296519E-4
0.001405389334540933
2.60061742001635E-4
1.4297209673260223E-4
1.4297209673260223E-4
0.003178481520879426
1.4297209673260223E-4
1.4297209673260223E-4
1.4297209673260223E-4
2.60061742001635E-4
0.0016320123770349542
2.1545795837499206E-4
5.60296267465103E-4
2.1545795837499209E-4
0.0011415460615566127
8.6900339367588E-4
3.246936492366211E-4
2.8303132715467504E-4
4.893110778999686E-4
1.4297209673260223E-4
3.9029074310843623E-4
0.0022598346404252238
5.60296267465103E-4
3.246936492366211E-4
1.4297209673260223E-4
0.0017203019990257664
1.4297209673260223E-4
1.4297209673260223E-4
5.906075238951743E-4
3.246936492366211E-4
1.4297209673260223E-4
2.1545795837499206E-4
1.4297209673260223E-4
2.60061742001635E-4
0.005173532805882515
0.0016715224149747236
5.906075238951743E-4
8.443625898481451E-4
1.4297209673260223E-4
1.4297209673260223E-4
5.602962674651029E-4
1.4297209673260223E-4
1.4297209673260223E-4
8.443625898481453E-4
3.246936492366211E-4
1.4297209673260223E-4
0.0018722452373945945
3.9191124186919063E-4
1.4297209673260223E-4
7.758378134478307E-4
3.9191124186919063E-4
7.758378134478308E-4
1.4297209673260223E-4
0.002435230412896494
1.4297209673260223E-4
1.4297209673260223E-4
2.1545795837499206E-4
6.338155678308949E-4
2.1545795837499206E-4
1.4297209673260223E-4
9.686530933971567E-4
1.4297209673260223E-4
2.1545795837499206E-4
7.128742083229487E-4
3.246936492366211E-4
2.1545795837499206E-4
0.0010149471768837659
2.8303132715467504E-4
5.906075238951743E-4
0.001405389334540933
4.730441197866456E-4
1.4297209673260223E-4
2.60061742001635E-4
7.199586359041133E-4
7.128742083229487E-4
2.1545795837499209E-4
4.7304411978664555E-4
5.148250719057615E-4
2.60061742001635E-4
6.427720972296519E-4
7.128742083229487E-4
5.602962674651029E-4
2.1545795837499206E-4
1.4297209673260223E-4
2.1545795837499206E-4
0.001242371501181935
4.893110778999686E-4
7.373884014009387E-4
9.457568880410501E-4
0.0010191612677158265
1.4297209673260223E-4
1.4297209673260223E-4
0.0030278748131803215
2.1545795837499206E-4
4.777451550747761E-4
1.4297209673260223E-4
1.4297209673260223E-4
8.443625898481451E-4
2.83031327154675E-4
2.8303132715467504E-4
7.099265721039632E-4
1.4297209673260223E-4
7.128742083229487E-4
7.758378134478307E-4
6.427720972296519E-4
1.4297209673260223E-4
5.906075238951743E-4
2.1545795837499206E-4
4.265262474184938E-4
1.4297209673260223E-4
7.128742083229487E-4
3.9191124186919063E-4
1.4297209673260223E-4
0.0011091772437040656
1.4297209673260223E-4
1.4297209673260223E-4
4.730441197866456E-4
1.4297209673260223E-4
1.4297209673260223E-4
1.4297209673260223E-4
6.427720972296519E-4
2.8303132715467504E-4
0.0016320123770349542
0.0015295183576892488
1.4297209673260223E-4
3.246936492366211E-4
7.099265721039632E-4
2.1545795837499206E-4
2.8303132715467504E-4
2.83031327154675E-4
2.1545795837499209E-4
5.906075238951743E-4
2.60061742001635E-4
5.148250719057615E-4
5.881654434996242E-4
1.4297209673260223E-4
3.246936492366211E-4
1.4297209673260223E-4
1.4297209673260223E-4
1.4297209673260223E-4
9.551556656998421E-4
1.4297209673260223E-4
1.4297209673260223E-4
1.4297209673260223E-4
6.427720972296519E-4
2.60061742001635E-4
2.1545795837499206E-4
3.246936492366211E-4
2.1545795837499206E-4
1.4297209673260223E-4
0.001164347798378873
0.0011091772437040656
1.4297209673260223E-4
5.602962674651029E-4
3.9029074310843623E-4
5.881654434996242E-4
1.4297209673260223E-4
1.4297209673260223E-4
1.4297209673260223E-4
3.9191124186919063E-4
1.4297209673260223E-4
8.443625898481453E-4
0.001242371501181935
5.602962674651029E-4
4.730441197866456E-4
2.1545795837499206E-4
7.128742083229487E-4
2.1545795837499206E-4
1.4297209673260223E-4
1.4297209673260223E-4
3.9191124186919063E-4
0.0015741538759557769
0.001405389334540933
2.8303132715467504E-4
1.4297209673260223E-4
0.0019140130121600347
1.4297209673260223E-4
1.4297209673260223E-4
1.4297209673260223E-4
4.893110778999686E-4
2.83031327154675E-4
0.00106985442136834
2.8303132715467504E-4
6.427720972296519E-4
0.0014112245528114528
6.76287961015513E-4
4.7304411978664555E-4
8.6900339367588E-4
1.4297209673260223E-4
1.4297209673260223E-4
2.1545795837499206E-4
1.4297209673260223E-4
8.86361244880963E-4
2.60061742001635E-4
5.148250719057615E-4
3.919112418691907E-4
6.427720972296519E-4
2.1545795837499206E-4
3.717975086885189E-4
5.126963414640175E-4
7.758378134478307E-4
2.8303132715467504E-4
1.4297209673260223E-4
5.602962674651029E-4
1.4297209673260223E-4
2.8303132715467504E-4
4.893110778999686E-4
8.443625898481451E-4
1.4297209673260223E-4
9.686530933971567E-4
1.4297209673260223E-4
8.443625898481453E-4
8.443625898481451E-4
1.4297209673260223E-4
0.0011528905600799739
0.002195756476331648
2.60061742001635E-4
1.4297209673260223E-4
7.758378134478308E-4
2.8303132715467504E-4
2.60061742001635E-4
1.4297209673260223E-4
0.0010191612677158267
3.9191124186919063E-4
1.4297209673260223E-4
2.1545795837499209E-4
7.650271167564806E-4
1.4297209673260223E-4
7.726298314332237E-4
5.906075238951743E-4
1.4297209673260223E-4
1.4297209673260223E-4
2.8303132715467504E-4
6.427720972296519E-4
3.919112418691907E-4
1.4297209673260223E-4
0.0014252490721844769
1.4297209673260223E-4
8.443625898481455E-4
8.6900339367588E-4
1.4297209673260223E-4
2.1545795837499206E-4
2.1545795837499206E-4
8.443625898481453E-4
9.551556656998421E-4
7.128742083229487E-4
2.1545795837499206E-4
7.128742083229485E-4
5.881654434996242E-4
3.9191124186919063E-4
0.0018461569557428534
2.83031327154675E-4
0.0011415460615566127
4.2058293579869837E-4
1.4297209673260223E-4
3.246936492366211E-4
8.900414431031159E-4
0.0010191612677158267
1.4297209673260223E-4
5.881654434996243E-4
1.4297209673260223E-4
1.4297209673260223E-4
6.427720972296519E-4
3.246936492366211E-4
1.4297209673260223E-4
6.427720972296519E-4
3.919112418691907E-4
1.4297209673260223E-4
1.4297209673260223E-4
9.457568880410501E-4
6.762879610155132E-4
0.0012547179864752273
1.4297209673260223E-4
1.4297209673260223E-4
7.128742083229485E-4
2.1545795837499206E-4
2.60061742001635E-4
5.602962674651029E-4
5.148250719057615E-4
5.602962674651029E-4
2.1545795837499206E-4
7.128742083229487E-4
1.4297209673260223E-4
1.4297209673260223E-4
2.1545795837499206E-4
8.443625898481451E-4
1.4297209673260223E-4
2.60061742001635E-4
4.777451550747761E-4
3.246936492366211E-4
5.148250719057615E-4
2.8303132715467504E-4
2.60061742001635E-4
0.0015741538759557765
1.4297209673260223E-4
2.1545795837499206E-4
1.4297209673260223E-4
2.1545795837499209E-4
1.4297209673260223E-4
3.170188144361946E-4
1.4297209673260223E-4
3.7179750868851903E-4
0.0021438550355198775
4.265262474184938E-4
2.1545795837499209E-4
1.4297209673260223E-4
3.919112418691907E-4
5.148250719057615E-4
2.8303132715467504E-4
2.83031327154675E-4
5.126963414640175E-4
0.0014252490721844767
1.4297209673260223E-4
1.4297209673260223E-4
6.427720972296521E-4
1.4297209673260223E-4
1.4297209673260223E-4
1.4297209673260223E-4
3.7179750868851903E-4
1.4297209673260223E-4
0.0010191612677158267
4.7304411978664555E-4
3.246936492366211E-4
0.0026393599900936524
8.86361244880963E-4
1.4297209673260223E-4
3.246936492366211E-4
4.2652624741849383E-4
2.8303132715467504E-4
1.4297209673260223E-4
1.4297209673260223E-4
0.0014570448439363093
3.9191124186919063E-4
4.893110778999686E-4
5.881654434996243E-4
3.246936492366211E-4
1.4297209673260223E-4
3.919112418691907E-4
1.4297209673260223E-4
8.443625898481451E-4
1.4297209673260223E-4
0.001242371501181935
7.199586359041133E-4
2.1545795837499206E-4
2.1545795837499209E-4
8.443625898481451E-4
1.4297209673260223E-4
4.777451550747761E-4
4.265262474184938E-4
4.893110778999686E-4
0.0010191612677158265
3.919112418691907E-4
1.4297209673260223E-4
3.246936492366211E-4
8.443625898481451E-4
7.758378134478307E-4
5.60296267465103E-4
0.0015651357459157648
9.551556656998421E-4
1.4297209673260223E-4
5.906075238951743E-4
2.8303132715467504E-4
4.265262474184938E-4
1.4297209673260223E-4
8.900414431031158E-4
1.4297209673260223E-4
9.364505948061609E-4
7.758378134478307E-4
7.650271167564806E-4
2.1545795837499206E-4
3.9191124186919063E-4
3.246936492366211E-4
0.003938358439496435
4.893110778999686E-4
0.0030278748131803215
1.4297209673260223E-4
0.0014112245528114528
1.4297209673260223E-4
1.4297209673260223E-4
1.4297209673260223E-4
1.4297209673260223E-4
2.1545795837499209E-4
7.758378134478307E-4
3.919112418691907E-4
9.551556656998421E-4
8.443625898481453E-4
1.4297209673260223E-4
7.128742083229487E-4
1.4297209673260223E-4
1.4297209673260223E-4
3.7179750868851903E-4
1.4297209673260223E-4
6.427720972296519E-4
7.758378134478307E-4
8.443625898481451E-4
5.602962674651029E-4
3.246936492366211E-4
5.766472410610584E-4
2.1545795837499206E-4
1.4297209673260223E-4
2.8303132715467504E-4
1.4297209673260223E-4
2.60061742001635E-4
2.1545795837499206E-4
1.4297209673260223E-4
0.0015144678235352908
4.893110778999686E-4
9.364505948061609E-4
1.4297209673260223E-4
0.0011643477983788728
2.1545795837499206E-4
0.006555154163643125
1.4297209673260223E-4
6.427720972296521E-4
1.4297209673260223E-4
3.170188144361946E-4
1.4297209673260223E-4
9.551556656998421E-4
1.4297209673260223E-4
0.0014252490721844769
1.4297209673260223E-4
1.4297209673260223E-4
3.7179750868851903E-4
1.4297209673260223E-4
6.76287961015513E-4
3.9029074310843623E-4
1.4297209673260223E-4
7.128742083229487E-4
4.777451550747761E-4
1.4297209673260223E-4
5.148250719057615E-4
7.758378134478307E-4
3.919112418691907E-4
1.4297209673260223E-4
1.4297209673260223E-4
3.170188144361946E-4
2.1545795837499206E-4
8.6900339367588E-4
3.919112418691907E-4
0.002809794241012863
8.443625898481451E-4
0.0016482310497849034
1.4297209673260223E-4
6.427720972296521E-4
1.4297209673260223E-4
0.0014252490721844767
1.4297209673260223E-4
4.893110778999686E-4
4.7304411978664555E-4
2.60061742001635E-4
1.4297209673260223E-4
0.0026503186911867585
0.001164347798378873
1.4297209673260223E-4
3.246936492366211E-4
1.4297209673260223E-4
6.275787921799241E-4
1.4297209673260223E-4
1.4297209673260223E-4
4.7304411978664555E-4
4.777451550747761E-4
1.4297209673260223E-4
3.919112418691907E-4
2.1545795837499206E-4
1.4297209673260223E-4
0.0011691822050300085
0.0011415460615566127
0.0015295183576892488
1.4297209673260223E-4
1.4297209673260223E-4
1.4297209673260223E-4
0.0011091772437040656
4.893110778999686E-4
1.4297209673260223E-4
3.170188144361946E-4
1.4297209673260223E-4
1.4297209673260223E-4
3.246936492366211E-4
0.0010191612677158265
0.0010191612677158263
4.205829357986984E-4
2.1545795837499206E-4
3.246936492366211E-4
0.0011415460615566127
5.60296267465103E-4
2.60061742001635E-4
0.0014252490721844769
3.246936492366211E-4
1.4297209673260223E-4
5.60296267465103E-4
1.4297209673260223E-4
1.4297209673260223E-4
2.1545795837499206E-4
7.128742083229487E-4
8.443625898481455E-4
1.4297209673260223E-4
1.4297209673260223E-4
6.427720972296519E-4
0.0015358689633516993
1.4297209673260223E-4
1.4297209673260223E-4
1.4297209673260223E-4
3.9191124186919063E-4
1.4297209673260223E-4
6.427720972296519E-4
1.4297209673260223E-4
6.338155678308949E-4
2.1545795837499206E-4
8.443625898481451E-4
6.338155678308949E-4
1.4297209673260223E-4
1.4297209673260223E-4
1.4297209673260223E-4
1.4297209673260223E-4
4.265262474184938E-4
9.686530933971567E-4
1.4297209673260223E-4
1.4297209673260223E-4
2.8303132715467504E-4
1.4297209673260223E-4
1.4297209673260223E-4
1.4297209673260223E-4
0.0011091772437040656
0.001242371501181935
1.4297209673260223E-4
2.8303132715467504E-4
2.8303132715467504E-4
0.0020884005251418035
1.4297209673260223E-4
1.4297209673260223E-4
1.4297209673260223E-4
1.4297209673260223E-4
7.199586359041133E-4
4.265262474184938E-4
1.4297209673260223E-4
4.265262474184938E-4
3.246936492366211E-4
6.338155678308949E-4
2.1545795837499206E-4
6.76287961015513E-4
1.4297209673260223E-4
0.001405389334540933
2.8303132715467504E-4
3.717975086885189E-4
3.246936492366211E-4
1.4297209673260223E-4
5.906075238951741E-4
0.0011368259265350353
1.4297209673260223E-4
3.919112418691907E-4
5.906075238951743E-4
2.60061742001635E-4
5.906075238951741E-4
1.4297209673260223E-4
3.919112418691907E-4
8.443625898481453E-4
1.4297209673260223E-4
0.0010149471768837659
2.1545795837499206E-4
2.8303132715467504E-4
2.1545795837499209E-4
2.1545795837499209E-4
0.0034815294000135454
1.4297209673260223E-4
4.265262474184938E-4
0.0014112245528114526
0.0010191612677158265
1.4297209673260223E-4
2.1545795837499206E-4
0.0013521022050081417
1.4297209673260223E-4
5.881654434996242E-4
2.60061742001635E-4
1.4297209673260223E-4
5.148250719057615E-4
3.7179750868851903E-4
4.265262474184938E-4
0.0026503186911867585
5.881654434996242E-4
2.8303132715467504E-4
0.0016320123770349542
2.1545795837499206E-4
5.766472410610584E-4
1.4297209673260223E-4
0.001242371501181935
4.265262474184938E-4
0.0010191612677158265
2.1545795837499206E-4
3.919112418691907E-4
2.60061742001635E-4
1.4297209673260223E-4
1.4297209673260223E-4
4.265262474184938E-4
2.1545795837499206E-4
0.003103351253791323
3.246936492366211E-4
1.4297209673260223E-4
5.906075238951741E-4
1.4297209673260223E-4
1.4297209673260223E-4
4.265262474184938E-4
2.1545795837499206E-4
7.758378134478307E-4
2.1545795837499206E-4
4.265262474184938E-4
2.60061742001635E-4
1.4297209673260223E-4
7.128742083229487E-4
0.0031162364603962807
5.881654434996242E-4
2.8303132715467504E-4
0.0034904460863365403
1.4297209673260223E-4
1.4297209673260223E-4
1.4297209673260223E-4
5.881654434996242E-4
7.128742083229487E-4
3.246936492366211E-4
1.4297209673260223E-4
2.60061742001635E-4
2.1545795837499206E-4
2.60061742001635E-4
1.4297209673260223E-4
7.128742083229487E-4
2.1545795837499206E-4
5.881654434996243E-4
3.246936492366211E-4
0.0011091772437040656
3.919112418691907E-4
2.8303132715467504E-4
1.4297209673260223E-4
3.717975086885189E-4
2.1545795837499209E-4
3.919112418691907E-4
1.4297209673260223E-4
1.4297209673260223E-4
0.0026503186911867585
5.906075238951743E-4
5.906075238951743E-4
1.4297209673260223E-4
5.906075238951743E-4
4.893110778999686E-4
2.1545795837499206E-4
3.246936492366211E-4
7.128742083229487E-4
1.4297209673260223E-4
1.4297209673260223E-4
5.906075238951743E-4
0.004093571422312883
3.246936492366211E-4
1.4297209673260223E-4
1.4297209673260223E-4
0.0011091772437040656
0.0013915602359408541
0.0017203019990257664
1.4297209673260223E-4
6.427720972296521E-4
0.0010191612677158267
1.4297209673260223E-4
9.364505948061609E-4
1.4297209673260223E-4
0.0013357402498051256
2.60061742001635E-4
2.1545795837499206E-4
3.919112418691907E-4
0.0010191612677158267
3.246936492366211E-4
5.906075238951741E-4
5.881654434996243E-4
0.0021349904915692434
1.4297209673260223E-4
3.246936492366211E-4
9.551556656998421E-4
7.099265721039632E-4
3.9191124186919063E-4
1.4297209673260223E-4
7.758378134478307E-4
5.906075238951743E-4
2.83031327154675E-4
1.4297209673260223E-4
5.906075238951743E-4
3.9191124186919063E-4
4.265262474184938E-4
2.60061742001635E-4
0.0010191612677158267
1.4297209673260223E-4
1.4297209673260223E-4
1.4297209673260223E-4
3.919112418691907E-4
1.4297209673260223E-4
1.4297209673260223E-4
2.60061742001635E-4
1.4297209673260223E-4
0.0010149471768837659
2.60061742001635E-4
2.60061742001635E-4
1.4297209673260223E-4
1.4297209673260223E-4
2.1545795837499206E-4
6.427720972296521E-4
1.4297209673260223E-4
1.4297209673260223E-4
8.443625898481451E-4
2.1545795837499206E-4
2.60061742001635E-4
0.0014933648919621444
7.758378134478307E-4
1.4297209673260223E-4
1.4297209673260223E-4
6.762879610155132E-4
3.919112418691907E-4
8.604523585146002E-4
1.4297209673260223E-4
4.730441197866456E-4
5.602962674651029E-4
2.8303132715467504E-4
2.8303132715467504E-4
0.0018204321940114444
3.919112418691907E-4
2.1545795837499209E-4
5.148250719057615E-4
3.919112418691907E-4
2.1545795837499206E-4
6.427720972296519E-4
1.4297209673260223E-4
1.4297209673260223E-4
4.265262474184938E-4
9.551556656998421E-4
7.758378134478308E-4
4.265262474184938E-4
1.4297209673260223E-4
2.60061742001635E-4
3.246936492366211E-4
8.900414431031158E-4
1.4297209673260223E-4
5.602962674651029E-4
5.906075238951741E-4
0.0031472051099444244
0.0014933648919621444
2.1545795837499209E-4
2.60061742001635E-4
1.4297209673260223E-4
1.4297209673260223E-4
5.906075238951743E-4
0.0016320123770349542
2.60061742001635E-4
1.4297209673260223E-4
3.246936492366211E-4
0.004411291625791037
1.4297209673260223E-4
6.338155678308949E-4
1.4297209673260223E-4
1.4297209673260223E-4
2.1545795837499206E-4
1.4297209673260223E-4
2.1545795837499206E-4
2.1545795837499209E-4
2.83031327154675E-4
2.60061742001635E-4
2.8303132715467504E-4
6.427720972296519E-4
1.4297209673260223E-4
0.0011415460615566127
2.1545795837499206E-4
2.8303132715467504E-4
3.7179750868851903E-4
1.4297209673260223E-4
2.60061742001635E-4
5.148250719057615E-4
0.02252191106399606
0.0017203019990257664
3.7179750868851903E-4
5.60296267465103E-4
0.0019079218449548237
2.1545795837499206E-4
5.881654434996242E-4
3.7179750868851903E-4
2.60061742001635E-4
2.8303132715467504E-4
2.83031327154675E-4
3.7179750868851903E-4
1.4297209673260223E-4
1.4297209673260223E-4
1.4297209673260223E-4
5.881654434996243E-4
1.4297209673260223E-4
6.762879610155132E-4
3.919112418691907E-4
2.60061742001635E-4
0.0015651357459157648
5.148250719057615E-4
0.0016715224149747236
1.4297209673260223E-4
4.730441197866456E-4
1.4297209673260223E-4
0.003358101370065732
4.730441197866456E-4
1.4297209673260223E-4
2.1545795837499206E-4
8.443625898481451E-4
0.0022504905368551063
5.602962674651029E-4
2.1545795837499206E-4
2.1545795837499206E-4
1.4297209673260223E-4
3.246936492366211E-4
0.0010191612677158267
8.6900339367588E-4
2.8303132715467504E-4
1.4297209673260223E-4
3.246936492366211E-4
1.4297209673260223E-4
1.4297209673260223E-4
2.83031327154675E-4
2.8303132715467504E-4
1.4297209673260223E-4
1.4297209673260223E-4
1.4297209673260223E-4
2.60061742001635E-4
1.4297209673260223E-4
1.4297209673260223E-4
1.4297209673260223E-4
1.4297209673260223E-4
5.60296267465103E-4
0.0011091772437040656
3.919112418691907E-4
1.4297209673260223E-4
1.4297209673260223E-4
1.4297209673260223E-4
5.602962674651029E-4
0.001272448567898896
3.9191124186919063E-4
1.4297209673260223E-4
1.4297209673260223E-4
