3.868882209684477E-5
1.9290661642053423E-4
1.7393670434199542E-4
3.868882209684477E-5
3.868882209684477E-5
3.868882209684477E-5
6.263248449618591E-4
8.193550535790508E-4
1.5982076183560564E-4
1.598207618356056E-4
1.2927975272606268E-4
1.0605275197711403E-4
1.9290661642053423E-4
3.868882209684477E-5
0.001239889154252557
1.0605275197711403E-4
7.559856756657669E-4
3.868882209684477E-5
0.001172512036705334
2.866581303376457E-4
3.0014780531472583E-4
0.001419761980823561
1.929066164205342E-4
1.2800763374557633E-4
8.672670628731708E-4
1.7393670434199542E-4
4.138937945714806E-4
3.868882209684477E-5
4.3809634662222475E-4
7.65894109016316E-5
2.907089332873879E-4
2.3985290347160236E-4
3.658842729581575E-4
9.124886972137102E-4
7.037374914711213E-5
0.001239889154252557
1.3931372675613415E-4
0.0013887797992715915
3.0014780531472583E-4
4.3628487884343276E-4
7.037374914711213E-5
9.215568610195657E-4
1.2927975272606268E-4
2.907089332873879E-4
1.2800763374557633E-4
6.237350783855044E-4
5.83037866228524E-5
3.868882209684477E-5
5.941804983085083E-4
2.408487798527419E-4
1.3240953777360662E-4
1.598207618356056E-4
1.9954025526697217E-4
2.2530409796218392E-4
3.868882209684477E-5
5.287903957060415E-4
0.010078773741276368
0.0011392651710516771
4.1561229390314606E-4
2.2848789918051735E-4
3.868882209684477E-5
3.765617741904618E-4
5.83037866228524E-5
7.037374914711214E-5
1.5982076183560564E-4
7.037374914711213E-5
1.0605275197711402E-4
2.2848789918051733E-4
3.868882209684477E-5
1.7393670434199542E-4
1.3931372675613413E-4
3.6228395412650114E-4
2.2530409796218387E-4
2.0994482018842425E-4
3.658842729581575E-4
8.78634021489202E-5
7.015363345034658E-4
1.0605275197711403E-4
1.5161841442408127E-4
4.362848788434328E-4
1.1541971114036239E-4
0.0013751141392968783
5.066370611231785E-4
7.142213861299418E-4
3.868882209684477E-5
2.907089332873879E-4
6.986355788240294E-4
8.349682906247007E-4
3.868882209684477E-5
1.2927975272606268E-4
3.868882209684477E-5
3.629574411378585E-4
1.9482369090296475E-4
1.3931372675613415E-4
7.037374914711214E-5
1.0605275197711402E-4
3.868882209684477E-5
0.0023631060511515437
2.935979512389801E-4
7.658941090163159E-5
7.171868545443602E-4
8.78634021489202E-5
1.1541971114036239E-4
4.767905861575104E-4
4.523206613161375E-4
0.0010763266763242723
1.5982076183560564E-4
0.0011233903967086667
0.002704765595329091
0.005555119197086368
1.0605275197711402E-4
1.830062313410884E-4
6.26324844961859E-4
3.868882209684477E-5
7.658941090163159E-5
1.3931372675613413E-4
4.2774099444671705E-4
3.1197680383388194E-4
6.946331832535272E-4
1.0561423852102164E-4
1.1541971114036239E-4
0.004980148843430326
0.0012055761116786137
1.0605275197711402E-4
5.674759825400301E-4
3.629574411378585E-4
0.0028740804286599667
0.0013069654499227835
1.5982076183560564E-4
0.0011392651710516778
2.4084877985274192E-4
3.3619070494094036E-4
0.004980148843430326
3.868882209684477E-5
1.0605275197711403E-4
2.6212140732671525E-4
3.3288257224575605E-4
6.803792728986026E-4
1.1541971114036239E-4
1.0605275197711403E-4
3.8951091434803866E-4
3.81883017107431E-4
3.868882209684477E-5
3.001478053147259E-4
2.584689493235071E-4
1.7393670434199542E-4
4.1561229390314606E-4
7.037374914711213E-5
0.0010677167758772462
2.0994482018842425E-4
3.868882209684477E-5
0.0060111317930331065
3.868882209684477E-5
1.598207618356056E-4
1.995402552669721E-4
3.868882209684477E-5
4.6820288775945777E-4
8.78634021489202E-5
3.868882209684477E-5
3.868882209684477E-5
7.085080881443185E-4
0.0022553193295256867
1.0605275197711402E-4
3.868882209684477E-5
7.185201071649917E-4
2.0994482018842422E-4
1.1541971114036242E-4
2.5592560243919255E-4
1.3931372675613415E-4
0.0011345544671967564
0.0017596613426762082
8.758858214545878E-4
6.237350783855044E-4
1.1541971114036243E-4
3.942821714338218E-4
3.868882209684477E-5
7.037374914711213E-5
1.0605275197711402E-4
1.7393670434199542E-4
2.559256024391925E-4
3.868882209684477E-5
0.0016220168377266808
0.012644706556157069
3.868882209684477E-5
3.163853882188176E-4
3.81883017107431E-4
3.868882209684477E-5
1.7393670434199542E-4
0.001590252444727775
1.2800763374557633E-4
0.005239827181972282
1.5915992509802645E-4
8.78634021489202E-5
5.731154662742122E-4
1.0605275197711403E-4
3.0070578102980904E-4
0.0010552486808640723
1.2800763374557633E-4
1.7393670434199542E-4
5.459594067092932E-4
1.7393670434199542E-4
2.0994482018842425E-4
1.2800763374557633E-4
8.78634021489202E-5
1.2927975272606268E-4
3.868882209684477E-5
0.0011123361812107662
8.578656110789025E-5
3.868882209684477E-5
1.0605275197711403E-4
5.83037866228524E-5
5.941804983085084E-4
7.037374914711213E-5
1.0605275197711402E-4
2.328418550344355E-4
1.598207618356056E-4
3.658842729581575E-4
5.318372244330898E-4
3.868882209684477E-5
2.099448201884242E-4
7.243141405000912E-4
0.001590252444727775
8.78634021489202E-5
2.8383740055727593E-4
3.1638538821881747E-4
0.001606056114083337
2.099448201884242E-4
3.7656177419046177E-4
3.868882209684477E-5
1.7393670434199542E-4
1.9482369090296475E-4
1.0605275197711403E-4
3.950151432318987E-4
1.1541971114036243E-4
5.83037866228524E-5
3.950151432318987E-4
7.658941090163159E-5
1.830062313410884E-4
3.0014780531472583E-4
3.868882209684477E-5
7.037374914711213E-5
5.459594067092931E-4
1.1541971114036239E-4
1.3931372675613413E-4
9.88976708768179E-4
0.007491123750926155
2.3515579940301646E-4
1.1541971114036243E-4
3.868882209684477E-5
3.868882209684477E-5
4.523206613161375E-4
1.0605275197711402E-4
1.0605275197711403E-4
0.0028177965368266548
7.037374914711213E-5
2.9070893328738784E-4
4.380963466222247E-4
3.868882209684477E-5
6.562583008709433E-4
2.8383740055727593E-4
3.629574411378585E-4
0.001012919239985969
2.3284185503443555E-4
3.868882209684477E-5
1.1541971114036243E-4
1.7393670434199542E-4
1.3931372675613413E-4
2.3418346270836257E-4
8.78634021489202E-5
3.868882209684477E-5
3.868882209684477E-5
1.1541971114036239E-4
9.215568610195657E-4
1.5604305337826312E-4
3.868882209684477E-5
3.868882209684477E-5
1.7393670434199542E-4
3.868882209684477E-5
3.868882209684477E-5
6.946331832535273E-4
1.7393670434199542E-4
4.523206613161374E-4
7.037374914711213E-5
5.513850622231696E-4
7.037374914711213E-5
3.868882209684477E-5
7.037374914711213E-5
8.78634021489202E-5
1.598207618356056E-4
4.3809634662222475E-4
2.099448201884242E-4
1.0605275197711402E-4
3.0070578102980904E-4
3.868882209684477E-5
2.5340728221046223E-4
1.2927975272606268E-4
1.7393670434199542E-4
6.263248449618591E-4
3.8188301710743116E-4
3.868882209684477E-5
3.868882209684477E-5
7.142213861299422E-4
3.8030398366857316E-4
3.629574411378585E-4
1.2927975272606268E-4
1.7393670434199542E-4
1.3931372675613418E-4
1.0605275197711402E-4
3.001478053147258E-4
1.1541971114036243E-4
8.954258907681932E-4
3.868882209684477E-5
1.0605275197711403E-4
1.7393670434199542E-4
3.868882209684477E-5
6.263248449618591E-4
1.598207618356056E-4
7.015363345034659E-4
1.0605275197711405E-4
3.868882209684477E-5
6.150438150424414E-4
2.2530409796218392E-4
1.598207618356056E-4
1.715130316084148E-4
1.2800763374557633E-4
3.868882209684477E-5
5.801357605168258E-4
1.0605275197711403E-4
7.90307078258017E-4
3.1068682291476944E-4
2.0701940235800064E-4
6.237350783855043E-4
0.002223893208252621
1.2800763374557633E-4
1.0605275197711403E-4
4.701468800595394E-4
2.099448201884242E-4
0.001176255359255249
2.5340728221046223E-4
7.037374914711214E-5
0.0012105816995114451
1.0605275197711402E-4
0.005020307981810521
2.584689493235071E-4
5.75495058717194E-4
5.75495058717194E-4
1.830062313410884E-4
0.0011345544671967564
1.598207618356056E-4
2.621214073267152E-4
1.3931372675613415E-4
4.424500766421667E-4
3.868882209684477E-5
9.988049979543028E-4
1.7393670434199542E-4
7.037374914711214E-5
1.3931372675613415E-4
0.0010677167758772462
2.907089332873878E-4
3.868882209684477E-5
1.0605275197711402E-4
6.263248449618591E-4
3.950151432318987E-4
7.037374914711213E-5
6.237350783855046E-4
3.868882209684477E-5
1.0605275197711402E-4
3.0014780531472583E-4
8.742605683055339E-4
1.1541971114036239E-4
1.1541971114036239E-4
5.459594067092932E-4
5.066370611231783E-4
3.629574411378585E-4
3.868882209684477E-5
3.868882209684477E-5
1.7393670434199542E-4
0.0012105816995114451
3.868882209684477E-5
7.037374914711213E-5
3.868882209684477E-5
8.578656110789025E-5
7.710860618862085E-4
7.243141405000912E-4
1.0605275197711402E-4
1.9482369090296475E-4
3.1638538821881764E-4
3.868882209684477E-5
1.3931372675613413E-4
2.099448201884242E-4
1.3931372675613415E-4
7.559856756657665E-4
5.731154662742122E-4
1.698253351338389E-4
7.658941090163159E-5
0.0011345544671967564
4.767905861575103E-4
1.5982076183560564E-4
9.930829694450524E-4
3.868882209684477E-5
3.81883017107431E-4
7.037374914711213E-5
1.0605275197711403E-4
1.1541971114036239E-4
1.7393670434199542E-4
1.3931372675613413E-4
3.868882209684477E-5
8.786340214892024E-5
7.037374914711213E-5
5.266039205826091E-4
4.098210597396344E-4
0.001151393373645184
1.9021861271186055E-4
1.3931372675613418E-4
5.731154662742122E-4
3.629574411378585E-4
2.408487798527419E-4
1.9290661642053423E-4
1.5982076183560564E-4
3.868882209684477E-5
7.037374914711214E-5
1.3240953777360662E-4
3.52912854420104E-4
0.0013069654499227837
7.037374914711213E-5
2.0701940235800064E-4
7.037374914711213E-5
1.9290661642053423E-4
0.0024545172161049116
8.227570401041936E-4
1.9916999761432846E-4
6.150438150424416E-4
0.004359156959587769
3.0014780531472583E-4
3.868882209684477E-5
1.2927975272606268E-4
0.0023631060511515437
0.016942207990156236
1.0605275197711402E-4
1.9916999761432846E-4
2.3985290347160236E-4
3.868882209684477E-5
3.868882209684477E-5
1.598207618356056E-4
5.83037866228524E-5
2.0994482018842414E-4
3.868882209684477E-5
1.598207618356056E-4
3.868882209684477E-5
3.868882209684477E-5
0.0012991462117196465
0.0010552486808640723
4.15612293903146E-4
4.767905861575105E-4
3.868882209684477E-5
0.006387420880495973
5.941804983085083E-4
5.513850622231696E-4
5.8303786622852414E-5
7.037374914711213E-5
1.3240953777360662E-4
0.0020551856586728608
1.1541971114036239E-4
7.559856756657669E-4
8.78634021489202E-5
0.001304540305387776
7.015363345034655E-4
3.868882209684477E-5
3.868882209684477E-5
3.868882209684477E-5
1.7393670434199542E-4
0.008186617179240551
0.0023631060511515437
1.3931372675613415E-4
3.1197680383388183E-4
1.0605275197711403E-4
3.868882209684477E-5
4.098210597396344E-4
3.0762964964453296E-4
0.001606056114083337
8.516463098995386E-4
1.3931372675613418E-4
2.0994482018842422E-4
0.005020307981810522
1.9954025526697217E-4
7.037374914711213E-5
6.115203061980535E-4
3.163853882188176E-4
7.037374914711213E-5
1.0605275197711402E-4
0.0019385394437552046
1.2927975272606268E-4
3.868882209684477E-5
5.459594067092932E-4
3.868882209684477E-5
8.227570401041936E-4
6.26324844961859E-4
0.02739966102114042
8.033094026818617E-4
8.742605683055342E-4
5.75495058717194E-4
1.0605275197711403E-4
7.037374914711213E-5
0.0012760725022423918
0.0012582914241113725
9.399644380060454E-4
2.907089332873879E-4
0.0029626476914919875
7.559856756657668E-4
1.7393670434199542E-4
6.26324844961859E-4
1.3240953777360662E-4
1.698253351338389E-4
0.002171326695087803
1.598207618356056E-4
1.2800763374557633E-4
2.5592560243919255E-4
5.812142347221605E-4
5.189024396143865E-4
1.1541971114036239E-4
0.003716901643974019
4.767905861575105E-4
1.7393670434199542E-4
3.6228395412650103E-4
1.0605275197711403E-4
0.0014903810423241926
3.1197680383388194E-4
6.263248449618591E-4
1.7393670434199542E-4
3.868882209684477E-5
8.78634021489202E-5
2.5340728221046223E-4
2.6212140732671514E-4
8.78634021489202E-5
3.868882209684477E-5
3.868882209684477E-5
1.0605275197711402E-4
7.037374914711213E-5
4.523206613161375E-4
6.446027125778521E-4
1.0605275197711403E-4
6.237350783855043E-4
7.037374914711213E-5
3.950151432318987E-4
6.150438150424416E-4
0.0018424682023821413
2.5340728221046223E-4
0.0029920900009118433
6.26324844961859E-4
1.0605275197711402E-4
2.7578912162418514E-4
1.1541971114036243E-4
6.237350783855044E-4
3.868882209684477E-5
1.3240953777360662E-4
1.8300623134108845E-4
1.7393670434199542E-4
2.757891216241851E-4
3.868882209684477E-5
3.1638538821881747E-4
2.2848789918051743E-4
3.868882209684477E-5
1.0605275197711403E-4
3.868882209684477E-5
1.698253351338389E-4
3.868882209684477E-5
4.1389379457148053E-4
2.9070893328738784E-4
8.293916237011096E-4
1.9290661642053423E-4
1.1541971114036239E-4
1.0605275197711403E-4
1.0605275197711403E-4
2.0994482018842422E-4
8.78634021489202E-5
7.559856756657669E-4
2.7464877176412494E-4
5.189024396143865E-4
6.419373695478098E-4
5.459594067092932E-4
0.0010807956166615682
1.0605275197711403E-4
4.4601792459467117E-4
8.742605683055339E-4
7.037374914711214E-5
4.3809634662222475E-4
3.868882209684477E-5
1.1541971114036239E-4
2.099448201884242E-4
2.9070893328738784E-4
2.3515579940301651E-4
5.287903957060415E-4
0.0013967817868688046
2.3515579940301651E-4
3.1638538821881747E-4
3.868882209684477E-5
3.1197680383388194E-4
4.4162908677939267E-4
8.78634021489202E-5
3.942821714338218E-4
1.2800763374557633E-4
1.9290661642053423E-4
7.037374914711213E-5
5.83037866228524E-5
3.868882209684477E-5
9.307151427579069E-4
3.1197680383388194E-4
1.3240953777360662E-4
8.786340214892024E-5
0.0014965691486904951
0.0010381684803203938
1.598207618356056E-4
0.0012375884733840394
8.227570401041936E-4
0.0013175046141147982
3.0014780531472583E-4
7.634985379760074E-4
2.8383740055727593E-4
3.950151432318987E-4
5.287903957060415E-4
1.7393670434199542E-4
0.003392444026571609
0.0027651060026232916
3.868882209684477E-5
5.0165172809088E-4
3.0014780531472583E-4
0.0010552486808640723
2.4084877985274198E-4
2.757891216241851E-4
4.1389379457148064E-4
7.037374914711213E-5
5.731154662742122E-4
8.467673350495693E-4
3.868882209684477E-5
1.2927975272606268E-4
1.2927975272606268E-4
1.7393670434199542E-4
0.0018835716835674764
1.5982076183560564E-4
1.1541971114036239E-4
3.1507717841323984E-4
2.9070893328738784E-4
1.598207618356056E-4
3.8951091434803866E-4
1.9954025526697217E-4
2.8383740055727593E-4
3.868882209684477E-5
3.001478053147259E-4
1.2927975272606268E-4
1.7393670434199542E-4
1.1541971114036243E-4
4.3809634662222475E-4
2.9070893328738784E-4
0.001042478986694218
3.868882209684477E-5
1.0605275197711402E-4
1.2927975272606268E-4
5.066370611231785E-4
1.5982076183560564E-4
1.2800763374557633E-4
8.578656110789025E-5
3.868882209684477E-5
0.0011077368250029746
3.3288257224575605E-4
1.3931372675613415E-4
1.2800763374557633E-4
7.037374914711213E-5
2.0994482018842422E-4
4.138937945714806E-4
2.9070893328738784E-4
5.83037866228524E-5
3.8188301710743116E-4
1.5982076183560564E-4
0.0018424682023821413
3.868882209684477E-5
6.237350783855043E-4
6.849540099447026E-4
8.78634021489202E-5
2.099448201884242E-4
3.868882209684477E-5
5.189024396143865E-4
1.5982076183560564E-4
3.868882209684477E-5
3.1638538821881764E-4
7.559856756657666E-4
1.92108974251966E-4
2.099448201884242E-4
0.0016929415379954209
1.9290661642053423E-4
4.759058756363321E-4
5.8303786622852414E-5
1.7393670434199542E-4
7.037374914711213E-5
9.215568610195656E-4
3.868882209684477E-5
7.037374914711213E-5
0.0014965691486904954
1.3240953777360662E-4
0.004359156959587769
5.287903957060416E-4
1.7393670434199542E-4
3.818830171074311E-4
8.578656110789025E-5
1.3240953777360662E-4
2.2530409796218392E-4
0.009021277318102745
0.0011392651710516774
1.2800763374557633E-4
4.0578840081428424E-4
1.0605275197711403E-4
7.559856756657669E-4
9.215568610195657E-4
1.7393670434199542E-4
5.8303786622852414E-5
1.1541971114036238E-4
4.3809634662222486E-4
3.868882209684477E-5
8.112925604706065E-4
3.868882209684477E-5
5.83037866228524E-5
6.382597909041016E-4
4.655206121627596E-4
2.746487717641249E-4
8.78634021489202E-5
3.5089106095850873E-4
9.848874269110675E-4
2.5340728221046223E-4
5.179395882890454E-4
4.590339443896353E-4
7.14221386129942E-4
3.81883017107431E-4
4.460179245946712E-4
3.868882209684477E-5
2.3515579940301651E-4
2.9070893328738784E-4
8.19355053579051E-4
1.5982076183560564E-4
1.0605275197711403E-4
1.0605275197711403E-4
5.83037866228524E-5
4.3809634662222486E-4
1.2800763374557633E-4
3.868882209684477E-5
3.868882209684477E-5
0.001842468202382141
1.1541971114036239E-4
1.2927975272606268E-4
1.1541971114036239E-4
6.115203061980535E-4
4.6093986696444E-4
3.395317133191477E-4
1.2800763374557633E-4
1.1541971114036239E-4
1.0605275197711402E-4
1.9916999761432846E-4
0.006688002732188841
5.287903957060415E-4
1.2800763374557633E-4
7.185201071649921E-4
2.099448201884242E-4
6.26324844961859E-4
2.6212140732671525E-4
1.2927975272606268E-4
1.7393670434199542E-4
8.78634021489202E-5
1.0605275197711402E-4
2.7578912162418514E-4
3.868882209684477E-5
1.2800763374557633E-4
2.7464877176412494E-4
1.5161841442408127E-4
9.88976708768179E-4
8.03309402681862E-4
7.037374914711213E-5
0.004341132448687661
1.8300623134108845E-4
5.0165172809088E-4
1.995402552669721E-4
3.868882209684477E-5
0.0014903810423241922
1.1541971114036239E-4
3.868882209684477E-5
1.7393670434199542E-4
6.115203061980535E-4
3.1638538821881764E-4
3.868882209684477E-5
7.037374914711213E-5
3.868882209684477E-5
5.83037866228524E-5
0.002245993896141406
1.3240953777360662E-4
1.7393670434199542E-4
2.5340728221046223E-4
0.001172512036705334
2.895068920703877E-4
1.7393670434199542E-4
1.3931372675613413E-4
3.868882209684477E-5
1.0605275197711402E-4
2.408487798527419E-4
9.88976708768179E-4
2.328418550344355E-4
2.7578912162418503E-4
1.0605275197711402E-4
4.995774676031624E-4
7.037374914711213E-5
1.598207618356056E-4
3.868882209684477E-5
3.868882209684477E-5
1.2927975272606268E-4
8.78634021489202E-5
2.099448201884242E-4
4.701468800595392E-4
2.7578912162418514E-4
0.0013637658363207538
0.0019150809393459099
3.0014780531472583E-4
6.721459195744281E-4
5.189024396143865E-4
1.9290661642053423E-4
1.1541971114036239E-4
3.868882209684477E-5
4.1561229390314606E-4
6.655319714200029E-4
4.701468800595394E-4
2.0994482018842425E-4
1.5161841442408127E-4
0.00252614672449504
5.469743469652968E-4
5.754950587171938E-4
1.1541971114036243E-4
2.2848789918051733E-4
4.3809634662222475E-4
3.868882209684477E-5
3.868882209684477E-5
1.5982076183560564E-4
3.3288257224575594E-4
3.868882209684477E-5
0.0017989174920077086
3.868882209684477E-5
5.340454283895887E-4
4.416290867793926E-4
0.0011392651710516774
0.0011392651710516771
3.150771784132397E-4
8.227570401041936E-4
1.7393670434199542E-4
1.2927975272606268E-4
1.598207618356056E-4
5.189024396143865E-4
5.83037866228524E-5
6.72145919574428E-4
3.868882209684477E-5
0.0016762829118925292
3.868882209684477E-5
8.78634021489202E-5
3.0070578102980904E-4
1.698253351338389E-4
1.5982076183560564E-4
8.78634021489202E-5
3.868882209684477E-5
6.816441001090674E-4
7.037374914711213E-5
1.5982076183560564E-4
1.598207618356056E-4
2.099448201884242E-4
3.868882209684477E-5
7.015363345034658E-4
1.3931372675613415E-4
3.395317133191478E-4
1.2800763374557633E-4
1.0605275197711403E-4
1.598207618356056E-4
3.868882209684477E-5
8.578656110789025E-5
0.009469996290963114
0.0010807956166615682
0.0010763266763242723
1.9916999761432846E-4
3.1638538821881764E-4
1.2927975272606268E-4
1.1541971114036239E-4
2.0994482018842422E-4
0.0012398891542525574
1.0605275197711402E-4
3.395317133191477E-4
0.0013120569148238092
7.528597794941703E-4
1.5982076183560564E-4
3.0014780531472583E-4
3.868882209684477E-5
2.8383740055727593E-4
3.868882209684477E-5
1.1541971114036239E-4
3.868882209684477E-5
3.0014780531472583E-4
3.868882209684477E-5
1.3931372675613413E-4
7.037374914711214E-5
1.3240953777360662E-4
1.3931372675613418E-4
1.598207618356056E-4
0.003079407349683365
1.598207618356056E-4
3.8951091434803866E-4
1.2927975272606268E-4
1.0605275197711402E-4
0.001239889154252557
3.868882209684477E-5
1.1541971114036239E-4
3.868882209684477E-5
1.0605275197711402E-4
1.0605275197711405E-4
0.00872136843213992
1.0605275197711402E-4
1.5161841442408124E-4
9.88976708768179E-4
8.78634021489202E-5
1.1541971114036239E-4
5.016517280908801E-4
1.9290661642053423E-4
1.598207618356056E-4
0.0019385394437552046
2.8383740055727593E-4
5.941804983085084E-4
3.868882209684477E-5
4.15612293903146E-4
7.037374914711213E-5
7.037374914711213E-5
0.004500692082789342
0.002171326695087803
5.459594067092932E-4
7.037374914711213E-5
1.739367043419955E-4
5.0165172809088E-4
1.0605275197711402E-4
0.0014138914614694393
1.1541971114036239E-4
6.803792728986026E-4
0.003066674426355573
3.868882209684477E-5
0.0016060561140833374
3.868882209684477E-5
1.7393670434199542E-4
1.2800763374557633E-4
8.954258907681931E-4
0.0015902524447277747
1.9290661642053423E-4
7.037374914711213E-5
0.0014903810423241922
1.3931372675613415E-4
8.78634021489202E-5
7.037374914711214E-5
4.7014688005953936E-4
7.171868545443603E-4
3.868882209684477E-5
7.037374914711213E-5
1.0605275197711403E-4
1.698253351338389E-4
8.578656110789025E-5
1.598207618356056E-4
4.3809634662222475E-4
2.757891216241852E-4
4.277409944467171E-4
8.578656110789025E-5
1.3931372675613415E-4
1.7393670434199542E-4
0.002480647113535806
1.3931372675613415E-4
7.658941090163159E-5
3.868882209684477E-5
0.0015645127009464466
3.868882209684477E-5
3.868882209684477E-5
1.0605275197711402E-4
1.0605275197711403E-4
6.655319714200029E-4
1.0605275197711402E-4
3.942821714338218E-4
5.8303786622852414E-5
6.115203061980535E-4
7.857795081696447E-4
1.3240953777360662E-4
1.9916999761432846E-4
3.950151432318986E-4
3.868882209684477E-5
3.150771784132399E-4
0.004045191719090869
5.437019401008463E-4
1.598207618356056E-4
7.037374914711213E-5
8.467673350495693E-4
7.658941090163159E-5
3.868882209684477E-5
2.907089332873879E-4
1.598207618356056E-4
3.868882209684477E-5
1.0605275197711402E-4
7.037374914711213E-5
2.0994482018842422E-4
0.01117798654086795
0.002033537359658648
4.767905861575104E-4
0.002950397553196088
3.868882209684477E-5
3.868882209684477E-5
2.2848789918051733E-4
3.868882209684477E-5
7.037374914711213E-5
5.066370611231786E-4
3.0070578102980904E-4
1.1541971114036239E-4
0.0016762829118925292
7.171868545443602E-4
1.1541971114036239E-4
6.655319714200029E-4
9.88976708768179E-4
6.26324844961859E-4
3.868882209684477E-5
0.0022553193295256867
3.868882209684477E-5
7.037374914711213E-5
1.0605275197711402E-4
4.6820288775945777E-4
1.0605275197711402E-4
8.78634021489202E-5
4.767905861575103E-4
3.868882209684477E-5
1.5915992509802645E-4
3.8188301710743116E-4
3.629574411378585E-4
1.0605275197711402E-4
7.528597794941703E-4
1.1541971114036243E-4
4.3809634662222486E-4
0.0016693517139803695
3.5089106095850873E-4
7.037374914711214E-5
1.2800763374557633E-4
3.5437815907654363E-4
3.508910609585088E-4
4.701468800595394E-4
8.65657802293219E-4
4.995774676031623E-4
1.2800763374557633E-4
4.767905861575104E-4
3.508910609585088E-4
2.757891216241851E-4
1.0605275197711402E-4
3.868882209684477E-5
2.408487798527419E-4
0.0012105816995114443
1.3240953777360662E-4
0.0013069654499227837
8.467673350495689E-4
0.0010807956166615682
7.037374914711213E-5
7.037374914711213E-5
0.0018607783507897852
1.1541971114036239E-4
2.559256024391925E-4
3.868882209684477E-5
1.0605275197711402E-4
3.443296796779744E-4
2.0907672740466134E-4
1.1541971114036243E-4
3.4944017497031635E-4
3.868882209684477E-5
9.124886972137106E-4
9.43867198278581E-4
5.116719375818248E-4
7.037374914711213E-5
2.9070893328738784E-4
1.0605275197711403E-4
1.1541971114036239E-4
1.1541971114036239E-4
0.0013751141392968785
4.3809634662222475E-4
3.868882209684477E-5
5.941804983085083E-4
1.0605275197711403E-4
7.037374914711214E-5
3.508910609585088E-4
1.1541971114036239E-4
7.037374914711213E-5
3.868882209684477E-5
6.237350783855044E-4
4.416290867793926E-4
0.0012991462117196465
7.528597794941705E-4
3.868882209684477E-5
1.3240953777360662E-4
3.4944017497031635E-4
5.83037866228524E-5
3.0014780531472583E-4
1.3931372675613413E-4
5.8303786622852414E-5
3.163853882188176E-4
2.0994482018842422E-4
4.1561229390314606E-4
8.193550535790508E-4
3.868882209684477E-5
1.3240953777360662E-4
1.2800763374557633E-4
7.037374914711213E-5
3.868882209684477E-5
6.721459195744281E-4
7.037374914711213E-5
3.868882209684477E-5
7.037374914711213E-5
3.1638538821881747E-4
1.0605275197711403E-4
2.621214073267152E-4
2.408487798527419E-4
1.1541971114036239E-4
1.7393670434199542E-4
8.601098319863363E-4
0.0011598651554006918
3.868882209684477E-5
8.954258907681932E-4
7.14221386129942E-4
7.90307078258017E-4
1.2800763374557633E-4
3.868882209684477E-5
8.78634021489202E-5
1.598207618356056E-4
3.868882209684477E-5
0.0010807956166615684
0.0013887797992715913
5.459594067092931E-4
1.9290661642053423E-4
1.598207618356056E-4
2.9070893328738784E-4
1.0605275197711403E-4
3.868882209684477E-5
3.868882209684477E-5
5.287903957060414E-4
6.419373695478098E-4
0.0010381684803203938
3.0014780531472583E-4
8.578656110789025E-5
0.0013468967230520614
3.868882209684477E-5
1.0605275197711402E-4
7.037374914711213E-5
1.995402552669721E-4
2.0907672740466134E-4
8.516463098995386E-4
1.3931372675613418E-4
7.185201071649917E-4
0.001139265171051677
3.328825722457559E-4
8.65657802293219E-4
6.115203061980536E-4
8.578656110789025E-5
7.037374914711213E-5
5.83037866228524E-5
7.037374914711213E-5
6.237350783855044E-4
2.895068920703877E-4
2.099448201884242E-4
2.408487798527419E-4
4.767905861575104E-4
2.0994482018842422E-4
1.830062313410884E-4
3.8030398366857305E-4
5.754950587171938E-4
1.3931372675613418E-4
1.7393670434199542E-4
5.0165172809088E-4
1.2800763374557633E-4
3.150771784132399E-4
0.0013887797992715915
0.0010272329321891261
1.5161841442408127E-4
3.950151432318987E-4
7.037374914711214E-5
5.066370611231786E-4
0.001239889154252557
1.0605275197711402E-4
3.1197680383388194E-4
0.0067825117599409
1.2800763374557633E-4
1.1541971114036239E-4
8.227570401041936E-4
1.698253351338389E-4
1.3931372675613415E-4
3.868882209684477E-5
4.1561229390314606E-4
1.598207618356056E-4
7.037374914711213E-5
5.8303786622852414E-5
3.1197680383388194E-4
1.1541971114036239E-4
3.150771784132397E-4
4.3809634662222475E-4
7.037374914711214E-5
3.868882209684477E-5
3.0014780531472583E-4
2.6212140732671525E-4
1.9290661642053423E-4
2.2530409796218392E-4
7.015363345034657E-4
1.1541971114036239E-4
9.399644380060456E-4
2.351557994030165E-4
7.037374914711213E-5
5.83037866228524E-5
8.78634021489202E-5
5.941804983085084E-4
7.603415771582289E-4
5.287903957060415E-4
1.7393670434199542E-4
1.929066164205342E-4
5.731154662742122E-4
8.112925604706063E-4
7.528597794941701E-4
1.3931372675613413E-4
0.0023631060511515437
3.7656177419046177E-4
1.2927975272606268E-4
1.598207618356056E-4
6.602081564999748E-4
7.559856756657668E-4
7.037374914711213E-5
2.8950689207038775E-4
1.2800763374557633E-4
7.658941090163159E-5
2.6212140732671525E-4
3.0070578102980904E-4
3.868882209684477E-5
2.6212140732671525E-4
2.4084877985274192E-4
3.868882209684477E-5
3.868882209684477E-5
7.015363345034655E-4
6.115203061980535E-4
0.001505192205976088
1.2927975272606268E-4
7.037374914711213E-5
0.0014757156212345107
2.0994482018842422E-4
1.0605275197711403E-4
2.2848789918051733E-4
1.3931372675613413E-4
5.459594067092931E-4
1.0605275197711402E-4
3.508910609585088E-4
1.2800763374557633E-4
8.578656110789025E-5
1.0605275197711402E-4
5.941804983085083E-4
3.868882209684477E-5
1.5982076183560564E-4
2.351557994030165E-4
1.3240953777360662E-4
3.8030398366857316E-4
1.9916999761432846E-4
1.2800763374557633E-4
0.002456237426709561
4.138937945714806E-4
1.0605275197711402E-4
3.868882209684477E-5
4.701468800595394E-4
3.868882209684477E-5
1.2927975272606268E-4
3.868882209684477E-5
3.0014780531472583E-4
0.0022735058705093806
6.263248449618591E-4
7.055785052281808E-4
5.83037866228524E-5
1.9290661642053423E-4
2.099448201884242E-4
2.5592560243919255E-4
2.2848789918051733E-4
3.607859601013661E-4
0.002749265057283093
8.578656110789025E-5
3.868882209684477E-5
3.1638538821881764E-4
3.868882209684477E-5
1.0605275197711403E-4
3.868882209684477E-5
7.142213861299418E-4
1.1541971114036239E-4
5.0165172809088E-4
1.9290661642053423E-4
2.621214073267152E-4
0.0032109872397522604
2.3985290347160236E-4
3.868882209684477E-5
1.598207618356056E-4
1.739367043419955E-4
1.1541971114036242E-4
3.868882209684477E-5
3.868882209684477E-5
0.0022735058705093815
1.598207618356056E-4
2.4084877985274184E-4
7.528597794941703E-4
3.1638538821881747E-4
7.037374914711214E-5
1.9290661642053423E-4
1.2800763374557633E-4
2.2848789918051735E-4
3.868882209684477E-5
0.0019385394437552046
3.5437815907654363E-4
8.78634021489202E-5
1.9954025526697217E-4
7.243141405000912E-4
7.037374914711213E-5
2.866581303376457E-4
1.7393670434199542E-4
3.950151432318986E-4
6.115203061980535E-4
1.5982076183560564E-4
3.868882209684477E-5
3.150771784132397E-4
6.816441001090674E-4
0.0012105816995114451
0.001159865155400692
4.235320025025511E-4
6.721459195744281E-4
3.868882209684477E-5
2.9070893328738784E-4
1.698253351338389E-4
2.559256024391925E-4
3.868882209684477E-5
0.0014224013228159747
8.578656110789025E-5
3.81883017107431E-4
5.75495058717194E-4
8.551823706802831E-4
8.78634021489202E-5
1.929066164205342E-4
1.3240953777360662E-4
0.002921365499465646
2.621214073267152E-4
0.0018607783507897852
3.868882209684477E-5
0.00104680739041857
3.868882209684477E-5
3.868882209684477E-5
1.1541971114036239E-4
1.1541971114036239E-4
1.3240953777360668E-4
6.655319714200029E-4
1.598207618356056E-4
6.721459195744281E-4
4.1561229390314606E-4
3.868882209684477E-5
3.8188301710743116E-4
3.868882209684477E-5
1.1541971114036239E-4
3.942821714338218E-4
1.0605275197711402E-4
9.438671982785813E-4
0.0012105816995114451
3.443296796779744E-4
4.15612293903146E-4
1.3240953777360662E-4
8.467673350495694E-4
5.83037866228524E-5
1.9916999761432846E-4
3.395317133191478E-4
3.868882209684477E-5
1.5982076183560564E-4
8.78634021489202E-5
7.037374914711213E-5
0.0018167948405606888
2.621214073267152E-4
6.94633183253527E-4
1.7393670434199542E-4
8.636810335622324E-4
1.7393670434199542E-4
0.014303882305346415
3.868882209684477E-5
3.1638538821881764E-4
7.037374914711213E-5
2.3418346270836257E-4
3.868882209684477E-5
6.721459195744281E-4
3.868882209684477E-5
0.0015932087290293686
3.868882209684477E-5
2.2530409796218392E-4
8.706456218172463E-4
8.78634021489202E-5
3.328825722457559E-4
2.895068920703877E-4
3.868882209684477E-5
3.8188301710743116E-4
2.351557994030165E-4
7.658941090163159E-5
1.3931372675613413E-4
0.0012105816995114451
4.6552061216275964E-4
7.037374914711213E-5
1.7393670434199542E-4
1.2927975272606268E-4
1.0605275197711402E-4
4.655206121627598E-4
4.7014688005953936E-4
0.005141846618172474
7.243141405000912E-4
0.0012175569303939683
3.868882209684477E-5
3.1638538821881764E-4
7.037374914711213E-5
0.002749265057283093
8.578656110789025E-5
0.0012078172814659312
5.287903957060414E-4
1.2800763374557633E-4
7.037374914711214E-5
0.0028105981996458394
0.0010528389727897953
1.2800763374557633E-4
2.408487798527419E-4
3.868882209684477E-5
1.6982533513383886E-4
7.037374914711213E-5
3.868882209684477E-5
9.792451304200308E-4
1.9482369090296475E-4
8.578656110789025E-5
1.5982076183560564E-4
1.0605275197711402E-4
1.0605275197711403E-4
0.002072287472566167
0.0023631060511515437
8.193550535790512E-4
1.2800763374557633E-4
7.037374914711213E-5
3.868882209684477E-5
0.0012398891542525574
2.621214073267152E-4
3.868882209684477E-5
2.3418346270836257E-4
1.1541971114036239E-4
1.5604305337826312E-4
1.598207618356056E-4
6.26324844961859E-4
7.559856756657666E-4
2.2530409796218392E-4
5.83037866228524E-5
2.621214073267152E-4
0.0023631060511515437
2.2848789918051735E-4
1.5982076183560564E-4
7.015363345034657E-4
1.598207618356056E-4
3.868882209684477E-5
2.2848789918051735E-4
8.78634021489202E-5
1.0605275197711403E-4
1.0605275197711403E-4
3.8188301710743116E-4
8.227570401041939E-4
3.868882209684477E-5
7.037374914711213E-5
2.6212140732671525E-4
0.0018424682023821413
3.868882209684477E-5
1.0605275197711402E-4
1.0605275197711402E-4
1.929066164205342E-4
3.868882209684477E-5
6.26324844961859E-4
3.868882209684477E-5
2.584689493235071E-4
8.78634021489202E-5
5.941804983085083E-4
8.516463098995386E-4
3.868882209684477E-5
3.868882209684477E-5
3.868882209684477E-5
1.1541971114036239E-4
5.75495058717194E-4
3.950151432318987E-4
2.0701940235800064E-4
1.0605275197711402E-4
1.9916999761432846E-4
3.868882209684477E-5
1.0605275197711402E-4
3.868882209684477E-5
8.954258907681931E-4
0.002273505870509381
1.598207618356056E-4
2.0994482018842425E-4
3.395317133191478E-4
0.003291028160416775
3.868882209684477E-5
7.037374914711213E-5
3.868882209684477E-5
1.1541971114036239E-4
3.5437815907654363E-4
1.7393670434199542E-4
3.868882209684477E-5
7.528597794941703E-4
3.8951091434803866E-4
6.72145919574428E-4
8.78634021489202E-5
3.328825722457559E-4
1.1541971114036239E-4
0.001042478986694218
1.739367043419955E-4
2.2308709480928977E-4
8.954258907681932E-4
1.598207618356056E-4
5.340454283895885E-4
7.999878294467083E-4
7.037374914711213E-5
1.5982076183560564E-4
2.4084877985274192E-4
2.757891216241852E-4
1.598207618356056E-4
3.868882209684477E-5
2.408487798527419E-4
6.263248449618591E-4
3.868882209684477E-5
6.237350783855043E-4
1.0605275197711403E-4
1.1541971114036242E-4
2.4084877985274198E-4
1.5982076183560564E-4
0.0025825023371603933
7.037374914711213E-5
2.559256024391925E-4
0.00157753147856023
0.0011345544671967564
1.2927975272606268E-4
8.78634021489202E-5
5.513850622231697E-4
1.2927975272606268E-4
6.237350783855043E-4
1.2800763374557633E-4
1.2800763374557633E-4
3.1638538821881747E-4
5.801357605168258E-4
2.099448201884242E-4
0.0028105981996458394
6.237350783855043E-4
2.0994482018842422E-4
0.0012991462117196465
1.1541971114036239E-4
2.8383740055727593E-4
3.868882209684477E-5
0.0019385394437552046
3.0014780531472583E-4
7.559856756657668E-4
1.0605275197711403E-4
1.5982076183560564E-4
1.3931372675613415E-4
3.868882209684477E-5
7.037374914711214E-5
2.099448201884242E-4
2.0994482018842422E-4
0.0034547241342489294
1.598207618356056E-4
3.868882209684477E-5
3.629574411378585E-4
1.2927975272606268E-4
3.868882209684477E-5
3.443296796779744E-4
2.0994482018842422E-4
0.0016060561140833374
1.7393670434199542E-4
6.26324844961859E-4
1.2800763374557633E-4
3.868882209684477E-5
3.508910609585088E-4
0.001915080939345909
2.8950689207038775E-4
1.1541971114036243E-4
0.008126821233362294
7.037374914711213E-5
3.868882209684477E-5
7.037374914711213E-5
5.266039205826091E-4
5.75495058717194E-4
1.995402552669721E-4
1.7393670434199542E-4
2.5340728221046223E-4
1.5161841442408127E-4
1.2800763374557633E-4
1.0605275197711403E-4
2.9070893328738784E-4
1.0605275197711402E-4
4.1389379457148064E-4
1.3240953777360662E-4
0.001239889154252557
1.9290661642053423E-4
2.0994482018842425E-4
3.868882209684477E-5
2.746487717641249E-4
5.8303786622852414E-5
1.0605275197711403E-4
3.868882209684477E-5
3.868882209684477E-5
0.0010807956166615682
2.4084877985274192E-4
2.4084877985274195E-4
3.868882209684477E-5
5.287903957060415E-4
4.380963466222246E-4
5.83037866228524E-5
3.0070578102980904E-4
4.277409944467171E-4
3.868882209684477E-5
3.868882209684477E-5
8.227570401041938E-4
0.007255547287683979
3.629574411378585E-4
1.1541971114036239E-4
3.868882209684477E-5
4.523206613161373E-4
5.674759825400303E-4
8.467673350495693E-4
1.0605275197711402E-4
3.1638538821881764E-4
5.0165172809088E-4
8.78634021489202E-5
3.81883017107431E-4
3.868882209684477E-5
0.0028860136959874437
3.1197680383388183E-4
1.0605275197711402E-4
2.3515579940301651E-4
0.0014903810423241926
3.629574411378585E-4
2.408487798527419E-4
7.528597794941705E-4
0.0019305238513692958
3.868882209684477E-5
1.598207618356056E-4
6.721459195744281E-4
2.8950689207038775E-4
5.0165172809088E-4
1.0605275197711403E-4
0.0012105816995114451
2.9070893328738784E-4
1.3931372675613413E-4
3.868882209684477E-5
4.767905861575104E-4
4.3809634662222475E-4
4.460179245946712E-4
1.3931372675613415E-4
9.88976708768179E-4
3.868882209684477E-5
1.3931372675613413E-4
5.83037866228524E-5
1.9290661642053423E-4
1.0605275197711403E-4
1.1541971114036239E-4
1.0605275197711403E-4
3.868882209684477E-5
7.528597794941703E-4
1.0605275197711403E-4
1.0605275197711403E-4
1.1541971114036239E-4
5.83037866228524E-5
5.83037866228524E-5
3.1638538821881764E-4
3.868882209684477E-5
3.868882209684477E-5
6.816441001090677E-4
1.598207618356056E-4
1.0605275197711403E-4
0.003291028160416775
5.754950587171938E-4
8.578656110789025E-5
3.868882209684477E-5
2.7578912162418514E-4
2.0994482018842422E-4
9.124886972137104E-4
1.8300623134108845E-4
2.5340728221046223E-4
1.5161841442408124E-4
2.5340728221046223E-4
3.0014780531472583E-4
0.0017665163471175698
2.408487798527419E-4
1.516184144240813E-4
2.099448201884242E-4
1.9290661642053423E-4
8.78634021489202E-5
1.7393670434199542E-4
1.9916999761432846E-4
8.578656110789025E-5
3.0014780531472583E-4
4.7014688005953925E-4
4.767905861575104E-4
1.7393670434199542E-4
3.868882209684477E-5
1.0605275197711403E-4
3.629574411378585E-4
3.6295744113785846E-4
5.83037866228524E-5
1.5161841442408124E-4
1.598207618356056E-4
0.004910754341524261
0.003291028160416775
6.419373695478098E-4
1.5982076183560564E-4
3.868882209684477E-5
7.037374914711213E-5
2.9070893328738784E-4
0.0011484520265241502
2.0994482018842422E-4
7.037374914711213E-5
3.629574411378585E-4
0.0017989174920077084
1.0605275197711402E-4
5.04542186973137E-4
3.868882209684477E-5
7.037374914711213E-5
1.0605275197711402E-4
3.868882209684477E-5
2.0994482018842422E-4
4.701468800595394E-4
1.3931372675613413E-4
1.2800763374557633E-4
1.1541971114036243E-4
2.6212140732671525E-4
8.578656110789025E-5
6.115203061980535E-4
1.7393670434199542E-4
3.0014780531472583E-4
9.848874269110675E-4
3.868882209684477E-5
1.2800763374557633E-4
6.26324844961859E-4
0.0397533354630597
9.215568610195658E-4
3.0014780531472583E-4
0.001159865155400692
0.002132762474301332
1.0605275197711402E-4
5.731154662742122E-4
6.803792728986026E-4
2.757891216241852E-4
1.698253351338389E-4
1.3931372675613413E-4
8.706456218172463E-4
7.037374914711213E-5
1.7393670434199542E-4
3.868882209684477E-5
2.8950689207038775E-4
1.0605275197711403E-4
5.459594067092934E-4
1.9290661642053423E-4
1.2800763374557633E-4
0.001160974461908899
5.383518868779328E-4
0.0022553193295256867
3.868882209684477E-5
2.3284185503443555E-4
1.2927975272606268E-4
0.00962579897507815
1.9290661642053423E-4
3.868882209684477E-5
8.78634021489202E-5
7.243141405000912E-4
0.005555119197086368
2.2848789918051733E-4
1.0605275197711402E-4
8.78634021489202E-5
1.2800763374557633E-4
1.598207618356056E-4
8.742605683055341E-4
9.215568610195657E-4
1.5161841442408127E-4
1.0605275197711402E-4
3.1638538821881747E-4
3.868882209684477E-5
1.7393670434199542E-4
1.3931372675613413E-4
1.698253351338389E-4
3.868882209684477E-5
1.598207618356056E-4
3.868882209684477E-5
7.037374914711214E-5
3.868882209684477E-5
3.868882209684477E-5
1.2800763374557633E-4
7.037374914711213E-5
4.523206613161375E-4
0.0012347623841493156
1.9290661642053423E-4
4.344809012332736E-4
3.868882209684477E-5
3.868882209684477E-5
2.2848789918051735E-4
0.0024545172161049107
1.598207618356056E-4
1.1541971114036239E-4
3.868882209684477E-5
