6.129900395464713E-5
1.680311705167292E-4
1.3921176050057764E-4
6.129900395464713E-5
6.129900395464713E-5
6.129900395464713E-5
5.012845600486641E-4
4.992118177499999E-4
1.680311705167292E-4
2.5322180880235374E-4
2.0483229119185335E-4
1.680311705167292E-4
1.680311705167292E-4
6.129900395464713E-5
0.0010800045626526136
1.680311705167292E-4
0.001197792189338112
6.129900395464713E-5
0.0010213157725137492
4.541843590175404E-4
3.1556717960672847E-4
8.650242115714119E-4
3.056434081461554E-4
1.1150095798920648E-4
6.941247685672585E-4
1.828722857451457E-4
6.557779734604591E-4
6.129900395464713E-5
4.6060249667534187E-4
1.2134912223461291E-4
2.532218088023538E-4
3.800256322520198E-4
5.797111485809336E-4
7.948226282806956E-4
6.129900395464713E-5
0.0010800045626526136
1.1150095798920648E-4
9.92356113921128E-4
3.1556717960672847E-4
3.800256322520198E-4
6.129900395464713E-5
0.0014601250337026306
9.237717389841658E-5
2.532218088023538E-4
1.1150095798920648E-4
9.882528586912791E-4
9.237717389841658E-5
6.129900395464713E-5
9.414262503111427E-4
2.5322180880235374E-4
2.0979115774835778E-4
1.3921176050057764E-4
2.0979115774835783E-4
1.213491222346129E-4
6.129900395464713E-5
8.378214378412822E-4
0.006140735860596132
0.0011977921893381119
4.369633796234986E-4
3.620187918979782E-4
6.129900395464713E-5
5.966287013724452E-4
9.237717389841658E-5
1.1150095798920648E-4
1.680311705167292E-4
6.129900395464713E-5
9.237717389841658E-5
3.6201879189797816E-4
6.129900395464713E-5
1.828722857451457E-4
2.207302322615128E-4
5.740067630158406E-4
3.569743415142238E-4
2.2073023226151287E-4
5.797111485809336E-4
1.3921176050057764E-4
6.110727233412048E-4
1.680311705167292E-4
1.213491222346129E-4
6.912546586875127E-4
9.237717389841658E-5
0.0014457573331920007
4.41305850402244E-4
4.1453747322297457E-4
6.129900395464713E-5
2.532218088023538E-4
0.0011069260522326412
0.0013229331309412657
6.129900395464713E-5
2.0483229119185335E-4
6.129900395464713E-5
3.816035099675265E-4
1.3921176050057764E-4
1.1150095798920648E-4
1.1150095798920648E-4
9.237717389841658E-5
6.129900395464713E-5
0.0012727724335607662
4.6517988914276834E-4
1.213491222346129E-4
4.3696337962349855E-4
1.3921176050057764E-4
9.237717389841658E-5
3.816035099675265E-4
4.755575514527368E-4
6.55777973460459E-4
2.532218088023538E-4
0.0017799123529292765
0.002843716446703064
0.005840500134810523
9.237717389841658E-5
2.8995712690920426E-4
9.92356113921128E-4
6.129900395464713E-5
6.129900395464713E-5
2.207302322615128E-4
4.4971516309503184E-4
4.942995494693783E-4
6.050597383731177E-4
1.6733638487523598E-4
9.237717389841658E-5
0.003985905623954388
0.0012675096956472774
9.237717389841658E-5
4.942995494693782E-4
3.816035099675265E-4
0.0030217294238886958
0.0013741076681973554
2.532218088023538E-4
9.118208301064346E-4
2.532218088023538E-4
5.326643261483783E-4
0.003985905623954388
6.129900395464713E-5
1.1150095798920648E-4
4.153080996908505E-4
5.274228835772658E-4
4.1453747322297457E-4
1.828722857451457E-4
1.1150095798920648E-4
6.171454643729222E-4
6.050597383731177E-4
6.129900395464713E-5
4.755575514527368E-4
4.095211042371663E-4
1.3921176050057764E-4
6.585007830891454E-4
6.129900395464713E-5
0.001122568166803921
2.2073023226151287E-4
6.129900395464713E-5
0.004295269408102556
6.129900395464713E-5
1.3921176050057764E-4
2.0979115774835778E-4
6.129900395464713E-5
2.521747716584252E-4
1.3921176050057764E-4
6.129900395464713E-5
6.129900395464713E-5
7.449059934648424E-4
0.0019644942919068618
9.237717389841658E-5
6.129900395464713E-5
7.554323559721738E-4
1.680311705167292E-4
1.2134912223461291E-4
2.6907316702250937E-4
2.2073023226151285E-4
0.0017976008315106697
0.0015327517563127435
9.208823567579357E-4
9.882528586912791E-4
1.8287228574514575E-4
6.247050976498917E-4
6.129900395464713E-5
6.129900395464713E-5
9.237717389841658E-5
1.828722857451457E-4
4.054913968883774E-4
6.129900395464713E-5
0.0017053440661320756
0.009035307012906172
6.129900395464713E-5
2.532218088023538E-4
3.326389294244615E-4
6.129900395464713E-5
1.3921176050057764E-4
0.002519613821641913
2.028167316015299E-4
0.003744131749790403
9.237717389841658E-5
9.237717389841658E-5
4.586979690800045E-4
1.680311705167292E-4
3.1615381998716775E-4
0.001671947853555829
1.1150095798920648E-4
1.3921176050057764E-4
8.650242115714119E-4
2.755872665399086E-4
2.2073023226151287E-4
1.1150095798920648E-4
9.237717389841658E-5
9.237717389841658E-5
6.129900395464713E-5
7.948226282806957E-4
6.129900395464713E-5
6.129900395464713E-5
1.1150095798920648E-4
9.237717389841658E-5
9.414262503111428E-4
6.129900395464713E-5
9.237717389841658E-5
2.028167316015299E-4
1.3921176050057764E-4
5.797111485809336E-4
3.800256322520198E-4
6.129900395464713E-5
3.326389294244615E-4
0.0011476114535558036
0.002519613821641913
9.237717389841658E-5
4.4971516309503184E-4
2.5322180880235374E-4
0.0012854210383603094
3.326389294244615E-4
5.966287013724451E-4
6.129900395464713E-5
1.3921176050057764E-4
3.086808424724242E-4
1.1150095798920648E-4
6.258664263932815E-4
1.8287228574514575E-4
9.237717389841658E-5
6.258664263932815E-4
6.129900395464713E-5
2.8995712690920426E-4
3.1556717960672847E-4
6.129900395464713E-5
6.129900395464713E-5
8.650242115714117E-4
9.237717389841658E-5
2.207302322615128E-4
0.0015669457971629118
0.005995586322273059
3.725834878477548E-4
1.8287228574514575E-4
6.129900395464713E-5
6.129900395464713E-5
4.755575514527368E-4
9.237717389841658E-5
1.680311705167292E-4
0.0029625540819783838
6.129900395464713E-5
4.6060249667534187E-4
6.941247685672584E-4
6.129900395464713E-5
0.001039783017421942
4.4971516309503184E-4
3.816035099675265E-4
0.0010649555388106008
3.68917248419596E-4
6.129900395464713E-5
1.8287228574514575E-4
1.3921176050057764E-4
2.207302322615128E-4
3.71042906675714E-4
1.3921176050057764E-4
6.129900395464713E-5
6.129900395464713E-5
9.237717389841658E-5
0.0014601250337026306
2.472363651233893E-4
6.129900395464713E-5
6.129900395464713E-5
1.3921176050057764E-4
6.129900395464713E-5
6.129900395464713E-5
5.559557352122159E-4
2.755872665399086E-4
7.16661932415041E-4
6.129900395464713E-5
5.797111485809334E-4
6.129900395464713E-5
6.129900395464713E-5
6.129900395464713E-5
9.237717389841658E-5
1.3921176050057764E-4
6.941247685672585E-4
3.326389294244615E-4
9.237717389841658E-5
3.1615381998716775E-4
6.129900395464713E-5
4.015013420535833E-4
9.237717389841658E-5
2.755872665399086E-4
5.012845600486641E-4
3.056434081461555E-4
6.129900395464713E-5
6.129900395464713E-5
0.0011316203802556035
6.025579000702927E-4
3.1615381998716775E-4
9.237717389841658E-5
1.3921176050057764E-4
2.2073023226151287E-4
9.237717389841658E-5
3.155671796067284E-4
1.8287228574514575E-4
0.0014187228311551335
6.129900395464713E-5
1.1150095798920648E-4
2.755872665399086E-4
6.129900395464713E-5
5.012845600486641E-4
2.5322180880235374E-4
5.614807326079133E-4
9.237717389841661E-5
6.129900395464713E-5
3.569743415142238E-4
3.569743415142239E-4
1.3921176050057764E-4
9.237717389841658E-5
1.1150095798920648E-4
6.129900395464713E-5
4.1453747322297457E-4
1.680311705167292E-4
4.586979690800045E-4
1.8032410263241628E-4
1.1150095798920648E-4
4.992118177499999E-4
0.0035235613590445273
1.1150095798920648E-4
1.680311705167292E-4
2.5322180880235385E-4
3.326389294244615E-4
9.414262503111428E-4
2.2073023226151285E-4
1.1150095798920648E-4
8.650242115714119E-4
9.237717389841658E-5
0.00305874365736449
1.3921176050057764E-4
4.6060249667534187E-4
9.118208301064343E-4
1.5940744716118045E-4
0.0017976008315106699
1.3921176050057764E-4
2.0979115774835778E-4
2.2073023226151285E-4
7.010228672749897E-4
6.129900395464713E-5
0.0010501162114147221
1.3921176050057764E-4
1.1150095798920648E-4
1.1150095798920648E-4
0.001122568166803921
3.056434081461554E-4
6.129900395464713E-5
9.237717389841658E-5
5.455598090696046E-4
6.258664263932815E-4
6.129900395464713E-5
3.620187918979783E-4
6.129900395464713E-5
9.237717389841658E-5
4.755575514527367E-4
0.0013851882566960744
9.237717389841658E-5
9.237717389841658E-5
8.650242115714119E-4
8.027214458900076E-4
3.816035099675265E-4
6.129900395464713E-5
6.129900395464713E-5
1.3921176050057764E-4
8.650242115714119E-4
6.129900395464713E-5
6.129900395464713E-5
6.129900395464713E-5
6.129900395464713E-5
8.106987606600764E-4
0.0011476114535558036
9.237717389841658E-5
3.086808424724242E-4
5.012845600486642E-4
6.129900395464713E-5
2.207302322615128E-4
3.326389294244615E-4
1.1150095798920648E-4
7.948226282806955E-4
4.586979690800045E-4
2.6907316702250937E-4
1.213491222346129E-4
9.882528586912791E-4
7.554323559721739E-4
1.680311705167292E-4
8.650242115714117E-4
6.129900395464713E-5
6.050597383731177E-4
6.129900395464713E-5
1.680311705167292E-4
9.237717389841658E-5
1.3921176050057764E-4
2.207302322615128E-4
6.129900395464713E-5
9.237717389841661E-5
6.129900395464713E-5
4.586979690800045E-4
6.493250866824994E-4
0.001824280583879204
3.013845049012947E-4
2.2073023226151287E-4
4.586979690800045E-4
3.816035099675265E-4
2.0979115774835778E-4
1.680311705167292E-4
2.532218088023538E-4
6.129900395464713E-5
1.1150095798920648E-4
2.0979115774835778E-4
5.591590874643877E-4
0.0011384313221102775
6.129900395464713E-5
1.1150095798920648E-4
6.129900395464713E-5
2.028167316015299E-4
0.0019644942919068618
7.166619324150411E-4
1.213491222346129E-4
3.312635134748192E-4
0.0026559214593816134
3.1556717960672847E-4
6.129900395464713E-5
9.237717389841658E-5
0.0012727724335607662
0.010322448626538517
9.237717389841658E-5
1.213491222346129E-4
3.800256322520198E-4
6.129900395464713E-5
6.129900395464713E-5
1.3921176050057764E-4
9.237717389841658E-5
2.207302322615128E-4
6.129900395464713E-5
2.5322180880235374E-4
6.129900395464713E-5
6.129900395464713E-5
0.002058381838829932
9.191736101227369E-4
3.620187918979782E-4
7.554323559721742E-4
6.129900395464713E-5
0.004564147726134998
9.414262503111427E-4
8.736206810625E-4
9.237717389841661E-5
6.129900395464713E-5
2.0979115774835778E-4
0.001790168000786292
9.237717389841658E-5
0.001197792189338112
1.3921176050057764E-4
0.002066928301378384
0.0011115220420878022
6.129900395464713E-5
6.129900395464713E-5
6.129900395464713E-5
1.3921176050057764E-4
0.00498789386288658
0.0012727724335607662
1.1150095798920648E-4
3.280038645804803E-4
1.680311705167292E-4
6.129900395464713E-5
6.493250866824994E-4
4.8741186958144254E-4
0.0012854210383603094
0.0013493579718662457
2.2073023226151287E-4
1.680311705167292E-4
0.007954232311860618
2.0979115774835783E-4
6.129900395464713E-5
4.3696337962349855E-4
5.012845600486641E-4
6.129900395464713E-5
9.237717389841658E-5
0.0013851882566960742
9.237717389841658E-5
6.129900395464713E-5
8.650242115714119E-4
6.129900395464713E-5
8.650242115714119E-4
5.01284560048664E-4
0.012106097518968168
5.740067630158403E-4
0.0013851882566960749
9.118208301064343E-4
1.1150095798920648E-4
6.129900395464713E-5
0.0010213157725137492
6.777176323569787E-4
9.882528586912791E-4
2.532218088023538E-4
0.0018050645235690417
0.0011977921893381119
1.3921176050057764E-4
6.585007830891454E-4
1.3921176050057764E-4
2.6907316702250937E-4
0.00116947978717064
1.3921176050057764E-4
1.1150095798920648E-4
2.6907316702250937E-4
6.110727233412047E-4
8.221548492320837E-4
1.828722857451457E-4
0.003237604523480863
3.8160350996752654E-4
1.3921176050057764E-4
5.740067630158403E-4
1.1150095798920648E-4
0.0011928394843603056
1.680311705167292E-4
5.455598090696046E-4
1.3921176050057764E-4
6.129900395464713E-5
9.237717389841658E-5
2.2073023226151287E-4
2.755872665399086E-4
9.237717389841658E-5
6.129900395464713E-5
6.129900395464713E-5
9.237717389841658E-5
6.129900395464713E-5
4.755575514527368E-4
6.777176323569788E-4
1.680311705167292E-4
4.992118177499999E-4
6.129900395464713E-5
6.258664263932815E-4
3.312635134748192E-4
0.0019371205914071217
4.015013420535833E-4
0.0031458014551436716
9.92356113921128E-4
9.237717389841658E-5
4.369633796234986E-4
1.8287228574514575E-4
9.882528586912791E-4
6.129900395464713E-5
1.3921176050057764E-4
1.1150095798920648E-4
2.755872665399086E-4
2.8995712690920426E-4
6.129900395464713E-5
2.5322180880235374E-4
3.620187918979783E-4
6.129900395464713E-5
1.680311705167292E-4
6.129900395464713E-5
2.6907316702250937E-4
6.129900395464713E-5
6.55777973460459E-4
4.6060249667534187E-4
4.1453747322297457E-4
1.680311705167292E-4
9.237717389841658E-5
1.1150095798920648E-4
1.680311705167292E-4
1.8287228574514575E-4
1.3921176050057764E-4
0.001197792189338112
4.3515659650649043E-4
5.455598090696045E-4
3.72583487847755E-4
8.650242115714119E-4
8.650242115714117E-4
1.680311705167292E-4
7.066758056147172E-4
0.0013851882566960744
1.1150095798920648E-4
4.6060249667534187E-4
6.129900395464713E-5
9.237717389841658E-5
3.326389294244615E-4
4.6060249667534187E-4
2.472363651233893E-4
4.6060249667534187E-4
0.0014685381042385045
2.472363651233893E-4
2.5322180880235374E-4
6.129900395464713E-5
1.680311705167292E-4
6.997220817220221E-4
1.3921176050057764E-4
6.247050976498917E-4
2.028167316015299E-4
1.680311705167292E-4
6.129900395464713E-5
9.237717389841658E-5
6.129900395464713E-5
0.001474635518076931
1.680311705167292E-4
1.3921176050057764E-4
1.392117605005777E-4
0.001303585488563474
0.0016448857921146122
2.5322180880235374E-4
0.0019608490673170653
0.0013035854885634743
0.002087469097630535
3.1556717960672847E-4
0.0012096956527031472
2.472363651233893E-4
6.258664263932815E-4
4.6060249667534187E-4
1.3921176050057764E-4
0.0020669283013783836
0.0043810649847529715
6.129900395464713E-5
4.3696337962349855E-4
3.1556717960672847E-4
0.001671947853555829
2.5322180880235385E-4
2.8995712690920426E-4
4.351565965064905E-4
6.129900395464713E-5
4.586979690800045E-4
0.001341627669354728
6.129900395464713E-5
9.237717389841658E-5
9.237717389841658E-5
2.755872665399086E-4
0.0029843521157311326
1.680311705167292E-4
9.237717389841658E-5
4.9921181775E-4
2.5322180880235374E-4
2.5322180880235374E-4
6.171454643729222E-4
2.0979115774835783E-4
2.472363651233893E-4
6.129900395464713E-5
4.755575514527368E-4
9.237717389841658E-5
1.3921176050057764E-4
1.8287228574514575E-4
4.6060249667534187E-4
4.6060249667534187E-4
0.0016517154067923134
6.129900395464713E-5
9.237717389841658E-5
9.237717389841658E-5
4.41305850402244E-4
2.532218088023538E-4
2.028167316015299E-4
6.129900395464713E-5
6.129900395464713E-5
0.0017551106582307495
5.274228835772658E-4
1.1150095798920648E-4
2.028167316015299E-4
6.129900395464713E-5
1.680311705167292E-4
2.521747716584252E-4
4.6060249667534187E-4
9.237717389841658E-5
3.056434081461555E-4
1.680311705167292E-4
0.0029192272988157295
6.129900395464713E-5
6.55777973460459E-4
5.966287013724451E-4
1.3921176050057764E-4
3.326389294244615E-4
6.129900395464713E-5
8.221548492320837E-4
1.680311705167292E-4
6.129900395464713E-5
5.012845600486642E-4
0.0011977921893381116
3.0437961494193057E-4
3.326389294244615E-4
0.001209695652703147
2.028167316015299E-4
2.899571269092043E-4
9.237717389841661E-5
1.3921176050057764E-4
6.129900395464713E-5
6.585007830891453E-4
6.129900395464713E-5
6.129900395464713E-5
0.001197792189338112
2.0979115774835778E-4
0.0026559214593816134
8.378214378412824E-4
1.3921176050057764E-4
6.050597383731178E-4
6.129900395464713E-5
1.3921176050057764E-4
1.213491222346129E-4
0.007220258094276164
9.118208301064343E-4
1.1150095798920648E-4
2.899571269092043E-4
1.680311705167292E-4
6.050597383731178E-4
0.0014601250337026306
1.3921176050057764E-4
9.237717389841661E-5
1.2134912223461287E-4
6.941247685672587E-4
6.129900395464713E-5
0.0012854210383603096
6.129900395464713E-5
9.237717389841658E-5
5.559557352122159E-4
7.375760826862179E-4
1.5940744716118045E-4
1.3921176050057764E-4
3.0564340814615546E-4
4.351565965064905E-4
2.028167316015299E-4
4.1453747322297457E-4
3.2800386458048023E-4
4.351565965064905E-4
3.326389294244615E-4
7.066758056147173E-4
6.129900395464713E-5
2.472363651233893E-4
4.6060249667534187E-4
0.0012981953429308064
1.680311705167292E-4
1.680311705167292E-4
1.680311705167292E-4
9.237717389841658E-5
6.941247685672587E-4
1.1150095798920648E-4
6.129900395464713E-5
6.129900395464713E-5
0.0019371205914071213
9.237717389841658E-5
2.0483229119185335E-4
9.237717389841658E-5
4.3696337962349855E-4
7.303182985819579E-4
5.379578573206531E-4
1.1150095798920648E-4
9.237717389841658E-5
9.237717389841658E-5
3.1556717960672847E-4
0.010596546591749793
8.378214378412822E-4
1.1150095798920648E-4
5.75073843395524E-4
3.326389294244615E-4
6.585007830891454E-4
2.7558726653990873E-4
9.237717389841658E-5
1.3921176050057764E-4
9.237717389841658E-5
9.237717389841658E-5
1.680311705167292E-4
6.129900395464713E-5
1.1150095798920648E-4
4.3515659650649043E-4
9.237717389841658E-5
0.001566945797162912
0.0012727724335607666
6.129900395464713E-5
0.006878138974446937
1.1150095798920648E-4
4.015013420535832E-4
3.1615381998716775E-4
6.129900395464713E-5
0.0015669457971629118
9.237717389841658E-5
6.129900395464713E-5
2.755872665399086E-4
4.369633796234986E-4
5.012845600486642E-4
6.129900395464713E-5
6.129900395464713E-5
6.129900395464713E-5
9.237717389841658E-5
0.0017976008315106703
2.0979115774835778E-4
1.3921176050057764E-4
2.2073023226151285E-4
0.0010213157725137492
3.0437961494193057E-4
1.3921176050057764E-4
2.207302322615128E-4
6.129900395464713E-5
9.237717389841658E-5
2.0979115774835778E-4
0.0015669457971629118
2.028167316015299E-4
4.3696337962349845E-4
9.237717389841658E-5
7.915361466834714E-4
6.129900395464713E-5
2.5322180880235374E-4
6.129900395464713E-5
6.129900395464713E-5
9.237717389841658E-5
1.3921176050057764E-4
3.326389294244615E-4
4.942995494693782E-4
4.369633796234986E-4
7.915361466834714E-4
0.00303427573423095
4.755575514527367E-4
0.0010649555388106008
4.153080996908504E-4
3.0564340814615546E-4
9.237717389841658E-5
6.129900395464713E-5
3.326389294244615E-4
0.001054476325123012
2.5322180880235385E-4
2.2073023226151287E-4
2.4022591750440117E-4
0.0026559214593816134
5.750738433955238E-4
9.11820830106434E-4
1.8287228574514575E-4
3.6201879189797816E-4
4.6060249667534187E-4
6.129900395464713E-5
6.129900395464713E-5
1.680311705167292E-4
5.274228835772657E-4
6.129900395464713E-5
0.001566945797162912
6.129900395464713E-5
5.614807326079132E-4
3.1556717960672847E-4
9.118208301064343E-4
0.0011977921893381119
4.992118177499999E-4
7.166619324150411E-4
2.755872665399086E-4
9.237717389841658E-5
2.5322180880235374E-4
5.455598090696045E-4
9.237717389841658E-5
7.066758056147172E-4
6.129900395464713E-5
0.0014601250337026304
6.129900395464713E-5
9.237717389841658E-5
3.1615381998716775E-4
2.6907316702250937E-4
2.532218088023538E-4
9.237717389841658E-5
6.129900395464713E-5
0.0010800045626526136
6.129900395464713E-5
1.680311705167292E-4
1.3921176050057764E-4
3.326389294244615E-4
6.129900395464713E-5
7.375760826862182E-4
1.1150095798920648E-4
3.5697434151422394E-4
1.1150095798920648E-4
1.680311705167292E-4
1.3921176050057764E-4
6.129900395464713E-5
6.129900395464713E-5
0.0051005540860881125
8.650242115714117E-4
0.001131620380255603
1.213491222346129E-4
5.012845600486642E-4
9.237717389841658E-5
9.237717389841658E-5
1.680311705167292E-4
0.001303585488563474
9.237717389841658E-5
5.379578573206531E-4
0.002078837701731581
7.915361466834714E-4
1.680311705167292E-4
3.1556717960672847E-4
6.129900395464713E-5
2.472363651233893E-4
6.129900395464713E-5
9.237717389841658E-5
6.129900395464713E-5
4.755575514527367E-4
6.129900395464713E-5
1.213491222346129E-4
1.1150095798920648E-4
2.0979115774835778E-4
2.2073023226151287E-4
2.5322180880235374E-4
0.0026823155735473015
2.5322180880235374E-4
6.171454643729222E-4
9.237717389841658E-5
9.237717389841658E-5
0.0010800045626526136
6.129900395464713E-5
9.237717389841658E-5
6.129900395464713E-5
9.237717389841658E-5
9.237717389841661E-5
0.006231875845207513
9.237717389841658E-5
2.4022591750440112E-4
0.001566945797162912
1.3921176050057764E-4
9.237717389841658E-5
7.94822628280696E-4
3.0564340814615546E-4
1.3921176050057764E-4
0.0013851882566960742
2.472363651233893E-4
9.414262503111428E-4
6.129900395464713E-5
4.3696337962349855E-4
6.129900395464713E-5
6.129900395464713E-5
0.002742155145035095
0.00116947978717064
8.650242115714119E-4
6.129900395464713E-5
2.7558726653990873E-4
4.3696337962349855E-4
9.237717389841658E-5
6.247050976498917E-4
9.237717389841658E-5
4.1453747322297457E-4
0.004858873379970809
6.129900395464713E-5
8.650242115714119E-4
6.129900395464713E-5
1.3921176050057764E-4
1.1150095798920648E-4
0.0014187228311551333
0.0011363189016943738
3.0564340814615546E-4
6.129900395464713E-5
0.0015669457971629118
1.2134912223461291E-4
9.237717389841658E-5
1.1150095798920648E-4
4.942995494693783E-4
0.001136318901694374
6.129900395464713E-5
6.129900395464713E-5
1.1150095798920648E-4
2.6907316702250937E-4
6.129900395464713E-5
2.5322180880235374E-4
4.6060249667534187E-4
2.2073023226151285E-4
6.777176323569789E-4
6.129900395464713E-5
1.1150095798920648E-4
2.755872665399086E-4
0.00216076589730697
1.1150095798920648E-4
6.129900395464713E-5
6.129900395464713E-5
0.0024788314827044883
6.129900395464713E-5
6.129900395464713E-5
9.237717389841658E-5
1.680311705167292E-4
0.001054476325123012
9.237717389841658E-5
6.247050976498917E-4
9.237717389841661E-5
9.688996365448563E-4
5.614807326079132E-4
2.0979115774835778E-4
3.1556717960672847E-4
3.1615381998716775E-4
6.129900395464713E-5
3.312635134748192E-4
0.002890501961886548
8.61447456140288E-4
2.5322180880235374E-4
6.129900395464713E-5
0.001341627669354728
1.213491222346129E-4
6.129900395464713E-5
2.532218088023538E-4
1.3921176050057764E-4
6.129900395464713E-5
9.237717389841658E-5
6.129900395464713E-5
1.680311705167292E-4
0.008946399157628982
0.0021380054688039693
3.816035099675265E-4
0.0025699416824173822
6.129900395464713E-5
6.129900395464713E-5
3.6201879189797816E-4
6.129900395464713E-5
6.129900395464713E-5
3.620187918979783E-4
3.1615381998716775E-4
9.237717389841658E-5
0.0014601250337026304
4.3696337962349855E-4
9.237717389841658E-5
0.001054476325123012
4.3696337962349855E-4
6.585007830891454E-4
6.129900395464713E-5
0.0023711809559449778
6.129900395464713E-5
6.129900395464713E-5
9.237717389841658E-5
7.418259102461752E-4
9.237717389841658E-5
9.237717389841658E-5
7.554323559721739E-4
6.129900395464713E-5
2.521747716584252E-4
3.056434081461555E-4
3.816035099675265E-4
9.237717389841658E-5
7.915361466834714E-4
1.8287228574514575E-4
6.941247685672587E-4
0.0026449395916172133
3.0564340814615546E-4
1.1150095798920648E-4
1.1150095798920648E-4
5.614807326079131E-4
3.056434081461555E-4
2.5322180880235385E-4
5.274228835772655E-4
7.915361466834712E-4
1.1150095798920648E-4
4.153080996908505E-4
5.559557352122159E-4
4.3696337962349855E-4
9.237717389841658E-5
6.129900395464713E-5
2.0979115774835778E-4
0.0019180592316825119
2.0979115774835778E-4
0.0011384313221102775
0.0013416276693547276
6.585007830891453E-4
6.129900395464713E-5
6.129900395464713E-5
0.002948238103456946
9.237717389841658E-5
4.054913968883774E-4
6.129900395464713E-5
9.237717389841658E-5
3.620187918979782E-4
3.312635134748191E-4
1.8287228574514575E-4
5.536569351684894E-4
6.129900395464713E-5
0.0014457573331920009
7.554323559721738E-4
8.106987606600764E-4
6.129900395464713E-5
4.6060249667534187E-4
1.680311705167292E-4
1.828722857451457E-4
9.237717389841658E-5
0.0011005846117698084
4.6060249667534187E-4
6.129900395464713E-5
9.414262503111427E-4
1.1150095798920648E-4
1.1150095798920648E-4
5.559557352122159E-4
9.237717389841658E-5
6.129900395464713E-5
6.129900395464713E-5
9.882528586912791E-4
3.1556717960672847E-4
0.002058381838829932
0.0011928394843603058
6.129900395464713E-5
2.0979115774835778E-4
5.536569351684894E-4
9.237717389841658E-5
3.1556717960672847E-4
2.207302322615128E-4
9.237717389841661E-5
2.532218088023538E-4
1.680311705167292E-4
3.326389294244615E-4
4.992118177499999E-4
6.129900395464713E-5
2.0979115774835778E-4
1.1150095798920648E-4
6.129900395464713E-5
6.129900395464713E-5
0.0010649555388106008
6.129900395464713E-5
6.129900395464713E-5
6.129900395464713E-5
5.01284560048664E-4
1.680311705167292E-4
2.0979115774835778E-4
2.0979115774835778E-4
9.237717389841658E-5
1.3921176050057764E-4
0.0013627676712509981
0.0018377033699757633
6.129900395464713E-5
9.414262503111428E-4
4.351565965064905E-4
4.586979690800045E-4
1.1150095798920648E-4
6.129900395464713E-5
9.237717389841658E-5
2.5322180880235374E-4
6.129900395464713E-5
6.585007830891454E-4
0.0012096956527031465
4.3696337962349855E-4
3.0564340814615546E-4
2.5322180880235374E-4
4.6060249667534187E-4
1.680311705167292E-4
6.129900395464713E-5
6.129900395464713E-5
5.559557352122157E-4
0.001017092773102444
0.0016448857921146122
3.1556717960672847E-4
6.129900395464713E-5
8.206292967856411E-4
6.129900395464713E-5
9.237717389841658E-5
6.129900395464713E-5
2.0979115774835778E-4
3.312635134748191E-4
0.0013493579718662457
2.2073023226151287E-4
7.554323559721738E-4
9.11820830106434E-4
2.8995712690920426E-4
5.274228835772655E-4
9.688996365448565E-4
6.129900395464713E-5
6.129900395464713E-5
9.237717389841658E-5
6.129900395464713E-5
9.882528586912791E-4
3.0437961494193057E-4
3.326389294244615E-4
2.5322180880235374E-4
4.153080996908505E-4
1.680311705167292E-4
2.8995712690920426E-4
6.025579000702925E-4
5.01284560048664E-4
2.2073023226151287E-4
1.3921176050057764E-4
4.3696337962349855E-4
1.1150095798920648E-4
3.312635134748192E-4
9.92356113921128E-4
0.0010800045626526136
9.237717389841658E-5
6.258664263932815E-4
1.1150095798920648E-4
8.027214458900078E-4
0.0010800045626526136
9.237717389841658E-5
4.942995494693783E-4
0.005428442526200458
2.028167316015299E-4
9.237717389841658E-5
6.585007830891454E-4
2.6907316702250937E-4
1.1150095798920648E-4
6.129900395464713E-5
6.585007830891454E-4
2.5322180880235374E-4
6.129900395464713E-5
9.237717389841661E-5
4.942995494693783E-4
9.237717389841658E-5
4.992118177499999E-4
4.6060249667534187E-4
1.1150095798920648E-4
6.129900395464713E-5
3.1556717960672847E-4
4.153080996908505E-4
3.0564340814615546E-4
1.213491222346129E-4
0.0011115220420878024
9.237717389841658E-5
5.455598090696046E-4
3.725834878477549E-4
6.129900395464713E-5
9.237717389841658E-5
1.3921176050057764E-4
9.414262503111428E-4
0.0012046937285512755
4.6060249667534187E-4
1.3921176050057764E-4
3.056434081461554E-4
4.586979690800045E-4
4.3696337962349855E-4
0.0011928394843603051
2.207302322615128E-4
0.0012727724335607662
3.2800386458048023E-4
9.237717389841658E-5
2.5322180880235374E-4
5.750738433955238E-4
6.585007830891454E-4
6.129900395464713E-5
2.5217477165842523E-4
1.1150095798920648E-4
1.213491222346129E-4
4.153080996908505E-4
3.1615381998716775E-4
6.129900395464713E-5
4.153080996908505E-4
2.532218088023538E-4
6.129900395464713E-5
6.129900395464713E-5
0.0011115220420878022
4.369633796234986E-4
0.0015825178488573144
9.237717389841658E-5
6.129900395464713E-5
7.948226282806956E-4
1.680311705167292E-4
1.1150095798920648E-4
3.6201879189797816E-4
2.207302322615128E-4
4.3696337962349855E-4
9.237717389841658E-5
5.559557352122159E-4
1.1150095798920648E-4
6.129900395464713E-5
9.237717389841658E-5
9.414262503111427E-4
6.129900395464713E-5
1.680311705167292E-4
2.0483229119185335E-4
2.0979115774835778E-4
6.025579000702927E-4
3.1556717960672847E-4
1.1150095798920648E-4
0.0038916901464855097
2.521747716584252E-4
9.237717389841658E-5
6.129900395464713E-5
2.5322180880235385E-4
6.129900395464713E-5
2.0483229119185335E-4
6.129900395464713E-5
3.1556717960672847E-4
0.0023903017868936124
5.012845600486641E-4
3.8002563225201987E-4
9.237717389841658E-5
3.0564340814615546E-4
3.326389294244615E-4
2.6907316702250937E-4
2.4022591750440112E-4
5.716333244696648E-4
0.002890501961886547
6.129900395464713E-5
6.129900395464713E-5
5.012845600486642E-4
6.129900395464713E-5
1.1150095798920648E-4
6.129900395464713E-5
4.1453747322297457E-4
9.237717389841658E-5
7.948226282806957E-4
3.0564340814615546E-4
2.0979115774835778E-4
0.0033759440151138803
3.800256322520198E-4
6.129900395464713E-5
1.3921176050057764E-4
2.7558726653990873E-4
1.2134912223461291E-4
6.129900395464713E-5
6.129900395464713E-5
0.0016245393631293377
2.5322180880235374E-4
3.816035099675264E-4
0.0011928394843603056
2.5322180880235374E-4
1.1150095798920648E-4
1.680311705167292E-4
1.1150095798920648E-4
3.620187918979782E-4
6.129900395464713E-5
0.0013851882566960742
3.086808424724242E-4
1.3921176050057764E-4
2.0979115774835783E-4
0.0011476114535558036
6.129900395464713E-5
4.541843590175404E-4
1.828722857451457E-4
6.258664263932813E-4
9.688996365448563E-4
2.532218088023538E-4
6.129900395464713E-5
4.992118177499999E-4
0.0010800045626526136
8.650242115714119E-4
6.247050976498917E-4
6.710488582809764E-4
0.0010649555388106008
6.129900395464713E-5
4.6060249667534187E-4
2.6907316702250937E-4
4.054913968883774E-4
6.129900395464713E-5
8.666322943042165E-4
6.129900395464713E-5
6.050597383731177E-4
9.118208301064343E-4
7.449059934648425E-4
1.3921176050057764E-4
3.056434081461554E-4
2.0979115774835778E-4
0.004628644285330123
2.0979115774835778E-4
0.0019563713798149266
6.129900395464713E-5
0.0016585733782330616
6.129900395464713E-5
6.129900395464713E-5
9.237717389841658E-5
9.237717389841658E-5
1.392117605005777E-4
0.001054476325123012
2.5322180880235374E-4
0.0010649555388106008
6.585007830891454E-4
6.129900395464713E-5
3.056434081461555E-4
6.129900395464713E-5
9.237717389841658E-5
4.1453747322297457E-4
9.237717389841658E-5
8.221548492320837E-4
8.650242115714119E-4
3.620187918979782E-4
3.620187918979782E-4
2.0979115774835778E-4
8.902679778867879E-4
9.237717389841658E-5
1.213491222346129E-4
3.5697434151422394E-4
6.129900395464713E-5
1.680311705167292E-4
1.3921176050057764E-4
6.129900395464713E-5
0.001910128322139906
2.0979115774835778E-4
0.0011005846117698081
1.3921176050057764E-4
0.0013684259231092667
1.3921176050057764E-4
0.012459386470504933
6.129900395464713E-5
5.012845600486642E-4
6.129900395464713E-5
3.71042906675714E-4
6.129900395464713E-5
0.0010649555388106008
6.129900395464713E-5
0.0016750560098796488
6.129900395464713E-5
1.213491222346129E-4
4.689310267346522E-4
9.237717389841658E-5
2.8995712690920426E-4
3.0437961494193057E-4
6.129900395464713E-5
3.056434081461555E-4
2.0483229119185335E-4
6.129900395464713E-5
2.207302322615128E-4
8.650242115714119E-4
3.725834878477549E-4
6.129900395464713E-5
1.3921176050057764E-4
2.0483229119185335E-4
9.237717389841658E-5
7.375760826862182E-4
4.942995494693783E-4
0.008146799491402673
0.0011476114535558036
0.001929110865779361
6.129900395464713E-5
5.012845600486642E-4
6.129900395464713E-5
0.002890501961886547
6.129900395464713E-5
7.010228672749896E-4
5.559557352122157E-4
2.028167316015299E-4
1.1150095798920648E-4
0.0044531433322976535
7.52308747700954E-4
1.1150095798920648E-4
2.5322180880235374E-4
6.129900395464713E-5
2.690731670225093E-4
6.129900395464713E-5
6.129900395464713E-5
5.274228835772655E-4
3.086808424724242E-4
6.129900395464713E-5
1.680311705167292E-4
9.237717389841658E-5
1.1150095798920648E-4
0.0018050645235690409
0.0012727724335607662
0.0012981953429308066
1.1150095798920648E-4
6.129900395464713E-5
6.129900395464713E-5
0.001303585488563474
2.0979115774835778E-4
6.129900395464713E-5
3.71042906675714E-4
9.237717389841658E-5
1.1150095798920648E-4
1.3921176050057764E-4
9.92356113921128E-4
0.0011977921893381116
3.569743415142239E-4
9.237717389841658E-5
2.0979115774835778E-4
0.0012727724335607662
3.620187918979782E-4
1.680311705167292E-4
0.0011115220420878024
1.3921176050057764E-4
6.129900395464713E-5
3.620187918979782E-4
9.237717389841658E-5
1.1150095798920648E-4
1.680311705167292E-4
3.056434081461555E-4
7.166619324150413E-4
6.129900395464713E-5
6.129900395464713E-5
4.153080996908505E-4
0.0029192272988157295
6.129900395464713E-5
9.237717389841658E-5
9.237717389841658E-5
3.056434081461554E-4
6.129900395464713E-5
5.01284560048664E-4
6.129900395464713E-5
4.095211042371663E-4
1.3921176050057764E-4
9.414262503111427E-4
4.942995494693782E-4
6.129900395464713E-5
6.129900395464713E-5
6.129900395464713E-5
9.237717389841658E-5
6.050597383731178E-4
6.258664263932815E-4
1.1150095798920648E-4
9.237717389841658E-5
3.1556717960672847E-4
6.129900395464713E-5
9.237717389841658E-5
6.129900395464713E-5
0.0014187228311551333
0.0013851882566960742
1.3921176050057764E-4
2.2073023226151287E-4
3.5697434151422394E-4
0.0017725526616164766
6.129900395464713E-5
6.129900395464713E-5
6.129900395464713E-5
9.237717389841658E-5
3.086808424724242E-4
2.755872665399086E-4
6.129900395464713E-5
5.379578573206531E-4
2.0979115774835778E-4
7.066758056147172E-4
1.3921176050057764E-4
2.8995712690920426E-4
9.237717389841658E-5
0.0016517154067923134
1.8287228574514575E-4
1.5940744716118045E-4
5.455598090696045E-4
1.3921176050057764E-4
3.816035099675264E-4
0.0012675096956472765
6.129900395464713E-5
1.680311705167292E-4
3.816035099675265E-4
2.2073023226151285E-4
2.5322180880235374E-4
6.129900395464713E-5
2.5322180880235374E-4
9.923561139211282E-4
6.129900395464713E-5
6.55777973460459E-4
1.680311705167292E-4
1.2134912223461291E-4
2.5322180880235385E-4
1.680311705167292E-4
0.004091745687739374
6.129900395464713E-5
4.054913968883774E-4
0.0016585733782330612
0.0017976008315106697
9.237717389841658E-5
1.3921176050057764E-4
8.736206810625001E-4
9.237717389841658E-5
6.55777973460459E-4
1.1150095798920648E-4
1.1150095798920648E-4
3.326389294244615E-4
4.1453747322297457E-4
1.828722857451457E-4
0.0044531433322976535
4.992118177499999E-4
1.8287228574514575E-4
0.002058381838829932
9.237717389841658E-5
2.472363651233893E-4
6.129900395464713E-5
0.0013851882566960742
4.755575514527367E-4
0.0011977921893381119
1.680311705167292E-4
2.532218088023538E-4
1.1150095798920648E-4
6.129900395464713E-5
1.1150095798920648E-4
3.326389294244615E-4
1.680311705167292E-4
0.003632202308529571
1.3921176050057764E-4
6.129900395464713E-5
5.750738433955238E-4
9.237717389841658E-5
6.129900395464713E-5
3.620187918979782E-4
1.680311705167292E-4
8.650242115714119E-4
1.3921176050057764E-4
5.455598090696045E-4
1.1150095798920648E-4
6.129900395464713E-5
5.559557352122159E-4
0.002013463633739729
4.586979690800045E-4
1.8287228574514575E-4
0.004951461741420344
6.129900395464713E-5
6.129900395464713E-5
6.129900395464713E-5
4.586979690800045E-4
4.6060249667534187E-4
2.0979115774835778E-4
1.3921176050057764E-4
2.2073023226151285E-4
2.4022591750440117E-4
1.1150095798920648E-4
1.1150095798920648E-4
4.6060249667534187E-4
9.237717389841658E-5
6.557779734604592E-4
1.3921176050057764E-4
0.0010800045626526136
1.680311705167292E-4
2.2073023226151287E-4
6.129900395464713E-5
4.351565965064903E-4
9.237717389841661E-5
1.680311705167292E-4
6.129900395464713E-5
6.129900395464713E-5
0.0011363189016943736
2.532218088023538E-4
3.8160350996752654E-4
6.129900395464713E-5
4.6060249667534187E-4
3.816035099675264E-4
9.237717389841658E-5
3.1615381998716775E-4
6.777176323569789E-4
6.129900395464713E-5
6.129900395464713E-5
0.0013035854885634745
0.006319939285188995
3.816035099675265E-4
9.237717389841658E-5
6.129900395464713E-5
7.166619324150408E-4
8.991153158091493E-4
0.001341627669354728
9.237717389841658E-5
5.012845600486642E-4
7.948226282806957E-4
9.237717389841658E-5
6.050597383731177E-4
6.129900395464713E-5
0.002513860169559543
3.280038645804803E-4
9.237717389841658E-5
1.680311705167292E-4
6.585007830891454E-4
3.816035099675265E-4
2.5322180880235374E-4
6.557779734604592E-4
0.00202969988836443
6.129900395464713E-5
1.3921176050057764E-4
0.0010649555388106008
4.586979690800045E-4
4.3696337962349855E-4
1.1150095798920648E-4
8.650242115714119E-4
4.6060249667534187E-4
2.207302322615128E-4
6.129900395464713E-5
3.816035099675265E-4
4.6060249667534187E-4
7.066758056147173E-4
2.2073023226151285E-4
4.369633796234986E-4
6.129900395464713E-5
1.213491222346129E-4
9.237717389841658E-5
3.0564340814615546E-4
1.1150095798920648E-4
9.237717389841658E-5
1.680311705167292E-4
6.129900395464713E-5
7.915361466834714E-4
1.680311705167292E-4
1.680311705167292E-4
9.237717389841658E-5
9.237717389841658E-5
9.237717389841658E-5
5.012845600486642E-4
6.129900395464713E-5
6.129900395464713E-5
0.0010800045626526138
1.3921176050057764E-4
1.680311705167292E-4
0.003460096846285648
9.11820830106434E-4
6.129900395464713E-5
6.129900395464713E-5
4.369633796234986E-4
1.680311705167292E-4
0.0014457573331920007
1.1150095798920648E-4
4.015013420535833E-4
2.4022591750440112E-4
2.2073023226151287E-4
3.1556717960672847E-4
0.002798888326888087
2.5322180880235374E-4
2.402259175044012E-4
3.326389294244615E-4
1.680311705167292E-4
1.3921176050057764E-4
2.755872665399086E-4
1.213491222346129E-4
6.129900395464713E-5
4.755575514527367E-4
7.449059934648425E-4
5.012845600486641E-4
2.755872665399086E-4
6.129900395464713E-5
1.680311705167292E-4
3.816035099675265E-4
3.816035099675264E-4
9.237717389841658E-5
2.4022591750440112E-4
2.5322180880235374E-4
0.007780654294614619
0.003460096846285648
4.5869796908000455E-4
1.680311705167292E-4
6.129900395464713E-5
6.129900395464713E-5
4.6060249667534187E-4
0.0018196202804883974
2.2073023226151285E-4
6.129900395464713E-5
3.1615381998716775E-4
0.0028502250645066167
9.237717389841658E-5
7.994023037748399E-4
6.129900395464713E-5
6.129900395464713E-5
9.237717389841658E-5
6.129900395464713E-5
1.680311705167292E-4
2.5322180880235385E-4
2.207302322615128E-4
2.028167316015299E-4
1.8287228574514575E-4
4.153080996908505E-4
6.129900395464713E-5
9.688996365448563E-4
1.3921176050057764E-4
3.1556717960672847E-4
4.351565965064905E-4
6.129900395464713E-5
2.028167316015299E-4
6.585007830891453E-4
0.017564368969701424
0.0014601250337026308
3.1556717960672847E-4
6.247050976498917E-4
0.002242328035950889
9.237717389841658E-5
4.586979690800045E-4
4.1453747322297457E-4
2.2073023226151285E-4
2.6907316702250937E-4
2.207302322615128E-4
4.689310267346522E-4
6.129900395464713E-5
1.3921176050057764E-4
6.129900395464713E-5
2.5217477165842523E-4
1.1150095798920648E-4
5.740067630158406E-4
1.680311705167292E-4
1.1150095798920648E-4
0.0010112659762240097
8.529707717675247E-4
0.0019644942919068618
6.129900395464713E-5
3.68917248419596E-4
9.237717389841658E-5
0.0039466841210373475
3.0564340814615546E-4
6.129900395464713E-5
9.237717389841658E-5
0.0011476114535558036
0.005840500134810523
3.6201879189797816E-4
9.237717389841658E-5
1.3921176050057764E-4
1.1150095798920648E-4
1.3921176050057764E-4
4.369633796234986E-4
5.614807326079132E-4
2.4022591750440117E-4
9.237717389841658E-5
2.5322180880235374E-4
6.129900395464713E-5
1.3921176050057764E-4
2.207302322615128E-4
2.6907316702250937E-4
6.129900395464713E-5
1.3921176050057764E-4
6.129900395464713E-5
1.1150095798920648E-4
6.129900395464713E-5
6.129900395464713E-5
1.1150095798920648E-4
6.129900395464713E-5
4.755575514527368E-4
0.001956371379814926
1.680311705167292E-4
2.521747716584252E-4
6.129900395464713E-5
6.129900395464713E-5
3.620187918979782E-4
0.0025806121566346292
2.5322180880235374E-4
9.237717389841658E-5
6.129900395464713E-5
