2.247047460334669E-5
2.913594109320378E-4
1.0102246813622635E-4
2.247047460334669E-5
2.247047460334669E-5
2.247047460334669E-5
5.481982329356198E-4
9.420676614838202E-4
9.28239262732007E-5
1.398850132314947E-4
7.508570287010223E-5
1.681456532710521E-4
2.0379758923838045E-4
2.247047460334669E-5
0.0013098898588767532
1.6017836980984087E-4
4.390766119221524E-4
2.247047460334669E-5
6.809951948641571E-4
1.6649109196116446E-4
3.451001367688083E-4
8.245980054144583E-4
1.1204019637105129E-4
1.120401963710513E-4
9.16230557142202E-4
2.7577502925817566E-4
6.251307208244407E-4
2.247047460334669E-5
4.6283005193101007E-4
4.448314317356154E-5
1.6884379901896778E-4
3.6226544201822493E-4
6.251307208244409E-4
0.001378191034789355
4.087308574538996E-5
0.0013098898588767532
1.219359880830518E-4
8.066035489800615E-4
3.170933183804504E-4
6.589494318912694E-4
4.087308574538996E-5
8.066035489800616E-4
1.1315363356390119E-4
1.6884379901896778E-4
2.029549144040725E-4
9.420676614838203E-4
6.159545679502903E-5
2.247047460334669E-5
8.974294567329504E-4
2.769200553728118E-4
1.1589301496691163E-4
1.398850132314947E-4
1.7464996992660884E-4
1.9720007815360473E-4
2.247047460334669E-5
4.6283005193101007E-4
0.0058537535420262405
6.616854095095831E-4
6.277262821496657E-4
1.3270581158702612E-4
2.247047460334669E-5
2.1870714394863977E-4
9.244011218106935E-5
1.0629005099484503E-4
1.8375668850928185E-4
4.087308574538996E-5
1.120401963710513E-4
1.327058115870261E-4
2.247047460334669E-5
2.7577502925817566E-4
1.4717899358527336E-4
3.1709331838045043E-4
1.3085665928563048E-4
3.1709331838045043E-4
5.526188174178047E-4
1.0102246813622637E-4
4.0745242510421804E-4
1.1204019637105131E-4
1.3270581158702615E-4
5.016260945208542E-4
1.0102246813622637E-4
7.986665312897553E-4
5.825147343736982E-4
6.251307208244407E-4
2.247047460334669E-5
1.6884379901896778E-4
0.0011076802214912479
7.308158779899748E-4
2.247047460334669E-5
7.508570287010223E-5
2.247047460334669E-5
3.83449012131204E-4
1.1315363356390118E-4
2.2088061986444345E-4
4.087308574538997E-5
9.282392627320068E-5
2.247047460334669E-5
0.001372492405545378
2.569750814731426E-4
6.703578830632423E-5
6.277262821496657E-4
1.3270581158702612E-4
1.0102246813622637E-4
2.7692005537281186E-4
3.958990119079141E-4
9.420676614838201E-4
1.8375668850928185E-4
6.524653378099185E-4
0.003109851081192768
0.003226414195920247
6.159545679502903E-5
2.9015468007997637E-4
6.616854095095831E-4
2.247047460334669E-5
8.091343673206822E-5
1.2193598808305176E-4
4.918026154827457E-4
1.8119618193168598E-4
7.986665312897554E-4
6.134076810345594E-5
1.0102246813622637E-4
0.005261314241948271
7.001988153597738E-4
6.159545679502903E-5
6.524653378099185E-4
3.83449012131204E-4
0.0025155729091382102
0.0016831568774287365
2.413876925901794E-4
0.0013098898588767545
2.7692005537281186E-4
2.942548932243411E-4
0.005261314241948271
2.247047460334669E-5
1.219359880830518E-4
3.375693286225171E-4
2.9135941093203795E-4
5.955100107065831E-4
1.829968800266534E-4
1.1204019637105131E-4
4.115016208314859E-4
2.2179772276038773E-4
2.247047460334669E-5
2.627079187686656E-4
2.262280068045223E-4
1.8375668850928177E-4
3.6376957889623336E-4
4.087308574538996E-5
0.001612642099240795
3.3286556249925616E-4
2.247047460334669E-5
0.0034912663909645375
2.247047460334669E-5
2.0582289643187787E-4
1.1589301496691163E-4
2.247047460334669E-5
6.029684339481853E-4
7.690348257010778E-5
2.247047460334669E-5
2.247047460334669E-5
4.115016208314859E-4
0.002904480941338886
6.159545679502903E-5
2.247047460334669E-5
8.261309357027371E-4
1.8375668850928185E-4
1.0102246813622638E-4
2.942548932243412E-4
8.091343673206825E-5
9.930322245548962E-4
0.0015401644152867042
7.666294310965881E-4
0.0013999071649455571
1.010224681362264E-4
4.533327543229546E-4
2.247047460334669E-5
6.159545679502902E-5
6.159545679502903E-5
2.7577502925817566E-4
2.9425489322434115E-4
2.247047460334669E-5
0.0025716926313713627
0.011067429059910393
2.247047460334669E-5
2.769200553728119E-4
4.3907661192215227E-4
2.247047460334669E-5
2.971791503472848E-4
9.236188965049852E-4
7.434685594496452E-5
0.00791405183219322
1.39306608056107E-4
7.690348257010778E-5
6.589494318912694E-4
2.2088061986444342E-4
1.7464996992660876E-4
0.001213290444384366
7.434685594496452E-5
2.971791503472848E-4
5.767827613896537E-4
1.0102246813622635E-4
3.1709331838045043E-4
1.9333825586163313E-4
7.690348257010778E-5
1.1315363356390119E-4
2.247047460334669E-5
9.735854067983376E-4
7.508570287010223E-5
2.247047460334669E-5
1.219359880830518E-4
7.508570287010223E-5
6.277262821496657E-4
4.087308574538996E-5
6.159545679502903E-5
2.677139549084166E-4
2.0582289643187787E-4
6.251307208244409E-4
3.088911524580316E-4
2.247047460334669E-5
1.2193598808305177E-4
0.0010939787614427715
9.236188965049852E-4
1.0102246813622637E-4
1.6485281161409047E-4
3.6376957889623326E-4
0.0020683365379823545
2.413876925901794E-4
2.1870714394863974E-4
2.247047460334669E-5
1.5224015896852025E-4
1.7052174114776575E-4
1.219359880830518E-4
3.4574167900959524E-4
1.3270581158702618E-4
5.103107925097476E-5
3.4574167900959524E-4
9.863458418500112E-5
2.1041458357202002E-4
3.451001367688083E-4
2.247047460334669E-5
4.087308574538996E-5
3.170933183804503E-4
1.0102246813622637E-4
2.9015468007997637E-4
0.001493715854017384
0.011314331482186068
3.72837335891382E-4
1.4864163441215435E-4
2.247047460334669E-5
2.247047460334669E-5
3.958990119079141E-4
9.282392627320068E-5
6.159545679502903E-5
0.0032398103635170707
4.087308574538996E-5
3.7438536758683817E-4
5.037088609683979E-4
2.247047460334669E-5
6.93308825362495E-4
2.484320439755408E-4
4.173166032201746E-4
0.0011646214367230798
3.978214081161737E-4
2.247047460334669E-5
6.703578830632424E-5
2.6270791876866547E-4
2.9015468007997637E-4
2.0497184723254394E-4
1.3270581158702612E-4
2.247047460334669E-5
2.247047460334669E-5
1.0102246813622637E-4
5.352403851749432E-4
9.062983254408492E-5
2.247047460334669E-5
2.247047460334669E-5
1.0102246813622635E-4
2.247047460334669E-5
2.247047460334669E-5
4.034430736575258E-4
2.971791503472848E-4
7.728114104666126E-4
6.159545679502902E-5
4.826063012018074E-4
4.087308574538996E-5
2.247047460334669E-5
4.087308574538996E-5
1.5011881072495172E-4
1.398850132314947E-4
4.6283005193101007E-4
1.2193598808305177E-4
6.159545679502903E-5
2.6319629361678165E-4
2.247047460334669E-5
1.471789935852734E-4
7.508570287010223E-5
1.0102246813622635E-4
5.481982329356198E-4
2.217977227603878E-4
2.247047460334669E-5
2.247047460334669E-5
0.0019540716665563894
6.497674839124049E-4
2.108057449453622E-4
7.508570287010223E-5
1.8375668850928177E-4
1.6017836980984092E-4
9.282392627320068E-5
2.6270791876866547E-4
6.703578830632424E-5
9.459791544027217E-4
2.247047460334669E-5
9.28239262732007E-5
1.8375668850928177E-4
2.247047460334669E-5
5.481982329356198E-4
1.6884379901896775E-4
6.140279792642609E-4
6.159545679502904E-5
2.247047460334669E-5
6.497674839124047E-4
1.308566592856305E-4
9.282392627320068E-5
2.2088061986444342E-4
1.120401963710513E-4
2.247047460334669E-5
5.077706901399586E-4
1.219359880830518E-4
9.086692488396417E-4
4.692505181442697E-4
1.2023690489829721E-4
7.171502074873918E-4
0.0028640092577493963
1.120401963710513E-4
9.28239262732007E-5
6.054719767998683E-4
2.2179772276038776E-4
0.0017765749819132761
4.017748923678571E-4
7.434685594496453E-5
0.0010595759593997694
6.159545679502903E-5
0.004394083975047659
3.3286556249925606E-4
3.342476302040441E-4
5.037088609683979E-4
2.9015468007997637E-4
6.589494318912694E-4
9.282392627320068E-5
2.2942486389766886E-4
1.219359880830518E-4
8.146194434572972E-4
2.247047460334669E-5
0.0015085601584838321
1.0102246813622635E-4
6.159545679502903E-5
1.219359880830518E-4
0.001612642099240795
1.6884379901896773E-4
2.247047460334669E-5
6.159545679502903E-5
3.6376957889623336E-4
3.4574167900959524E-4
4.087308574538996E-5
8.032683549057397E-4
2.247047460334669E-5
6.159545679502903E-5
4.533327543229546E-4
0.0013204526050434344
1.829968800266534E-4
1.0102246813622637E-4
8.245980054144584E-4
2.942548932243411E-4
4.173166032201746E-4
2.247047460334669E-5
2.247047460334669E-5
1.5224015896852025E-4
0.0010595759593997694
2.247047460334669E-5
4.087308574538996E-5
2.247047460334669E-5
7.508570287010223E-5
8.146194434572973E-4
0.0010939787614427715
6.159545679502903E-5
2.0582289643187787E-4
3.637695788962334E-4
2.247047460334669E-5
1.2193598808305176E-4
2.2179772276038776E-4
1.219359880830518E-4
8.692076218713439E-4
6.589494318912694E-4
1.9525961990640996E-4
6.703578830632423E-5
0.0013044736455451054
4.173166032201746E-4
1.6884379901896778E-4
0.0012789277864824553
2.247047460334669E-5
5.767827613896537E-4
4.087308574538996E-5
6.159545679502903E-5
1.0102246813622637E-4
1.5224015896852025E-4
1.4717899358527336E-4
2.247047460334669E-5
7.690348257010781E-5
4.087308574538996E-5
6.054719767998682E-4
6.189794044854395E-4
0.0021198943762367767
2.4497033660670763E-4
2.208806198644435E-4
6.589494318912694E-4
3.83449012131204E-4
1.398850132314947E-4
2.2179772276038776E-4
1.6884379901896778E-4
2.247047460334669E-5
4.087308574538997E-5
7.690348257010778E-5
4.54493803248815E-4
0.001973994934253036
4.087308574538996E-5
2.666069947454556E-4
4.087308574538996E-5
2.2179772276038776E-4
0.0014255840260502706
7.201278364551004E-4
1.1567796925785393E-4
5.383243779907547E-4
0.0025317991203564543
3.451001367688083E-4
2.247047460334669E-5
7.508570287010223E-5
0.001372492405545378
0.028946569929380835
9.282392627320068E-5
2.1041458357202008E-4
4.99551940024402E-4
2.247047460334669E-5
2.247047460334669E-5
9.282392627320068E-5
3.386284941186138E-5
2.4138769259017932E-4
2.247047460334669E-5
9.282392627320068E-5
2.247047460334669E-5
2.247047460334669E-5
0.00196218503017055
0.0013589870143077627
3.637695788962333E-4
2.769200553728119E-4
2.247047460334669E-5
0.0037098151584143593
9.420676614838202E-4
9.420676614838203E-4
3.3862849411861386E-5
6.159545679502902E-5
1.5224015896852028E-4
0.0011936521880343601
1.0102246813622637E-4
4.390766119221524E-4
1.0102246813622637E-4
0.0011418143411673575
8.066035489800614E-4
2.247047460334669E-5
2.247047460334669E-5
2.247047460334669E-5
1.8375668850928177E-4
0.008648810891533205
0.001372492405545378
1.219359880830518E-4
3.295901493655163E-4
1.219359880830518E-4
2.247047460334669E-5
2.380241427806897E-4
1.7867135402237195E-4
0.0020683365379823545
4.946363249242526E-4
1.6017836980984092E-4
1.8375668850928185E-4
0.002915795749063449
1.7464996992660884E-4
4.087308574538996E-5
5.352403851749432E-4
2.769200553728119E-4
4.087308574538996E-5
6.159545679502903E-5
0.0011259040461208468
7.508570287010223E-5
2.247047460334669E-5
8.245980054144584E-4
2.247047460334669E-5
0.0013044736455451059
7.201278364551004E-4
0.0570664503994309
7.031060616437495E-4
9.236188965049854E-4
6.079859144358504E-4
1.219359880830518E-4
4.087308574538996E-5
0.0013481160183923312
7.308158779899746E-4
0.0016059740472836822
3.0712155380339934E-4
0.0017207062945388467
6.616854095095831E-4
1.0102246813622635E-4
5.481982329356196E-4
1.1589301496691163E-4
1.9525961990640996E-4
0.0012611069221856272
9.282392627320068E-5
1.3523458990430498E-4
3.86541084762776E-4
9.930322245548962E-4
6.682611311592859E-4
1.829968800266534E-4
0.005893113034965171
2.769200553728119E-4
1.5224015896852025E-4
5.471810216935142E-4
1.3657852919606226E-4
0.001919366041027007
4.017748923678571E-4
3.6376957889623336E-4
1.0102246813622635E-4
2.247047460334669E-5
1.0102246813622637E-4
2.913594109320379E-4
1.5224015896852025E-4
9.282392627320068E-5
2.247047460334669E-5
2.247047460334669E-5
1.6814565327105208E-4
6.159545679502902E-5
3.958990119079141E-4
3.7438536758683806E-4
1.681456532710521E-4
7.171502074873918E-4
4.087308574538996E-5
5.087146374516242E-4
5.383243779907547E-4
0.0016126420992407947
1.471789935852734E-4
0.001737806392971068
8.066035489800616E-4
1.120401963710513E-4
2.913594109320378E-4
1.3270581158702618E-4
6.589494318912694E-4
2.247047460334669E-5
2.0993409235684597E-4
1.6017836980984087E-4
1.0102246813622635E-4
4.3726109088197343E-4
2.247047460334669E-5
3.6376957889623326E-4
3.4510013676880834E-4
2.247047460334669E-5
6.159545679502903E-5
2.247047460334669E-5
1.9525961990640996E-4
2.247047460334669E-5
2.403895878794338E-4
3.342476302040441E-4
7.259348342667782E-4
1.6884379901896775E-4
1.0102246813622637E-4
1.219359880830518E-4
1.219359880830518E-4
3.587007326569519E-4
5.1031079250974754E-5
7.986665312897554E-4
2.4038958787943389E-4
4.541755013405407E-4
9.695597658453491E-4
8.245980054144584E-4
0.0016323959232272508
6.159545679502903E-5
7.071572769535847E-4
0.0013204526050434344
6.159545679502903E-5
5.037088609683979E-4
2.247047460334669E-5
1.0102246813622637E-4
1.2193598808305177E-4
3.342476302040441E-4
2.7037445251637147E-4
6.809951948641571E-4
0.0014756402146175354
2.7037445251637147E-4
3.6376957889623326E-4
2.247047460334669E-5
4.017748923678571E-4
6.670211367659492E-4
1.1315363356390118E-4
5.077706901399587E-4
1.4717899358527336E-4
1.120401963710513E-4
4.087308574538996E-5
5.103107925097476E-5
2.247047460334669E-5
5.405595168015551E-4
4.017748923678571E-4
1.1589301496691163E-4
7.690348257010781E-5
8.692076218713441E-4
6.029684339481854E-4
1.398850132314947E-4
0.0013074592879439833
4.778574320021423E-4
7.652069090434537E-4
4.533327543229546E-4
4.4344008365872065E-4
3.263469664544411E-4
3.4574167900959524E-4
6.809951948641571E-4
1.8375668850928177E-4
0.0019703320807114826
0.0016059740472836826
2.247047460334669E-5
5.767827613896537E-4
3.451001367688083E-4
0.0011148250961919156
2.1080574494536229E-4
4.3726109088197343E-4
4.372610908819736E-4
4.087308574538996E-5
6.589494318912694E-4
4.918026154827458E-4
3.386284941186138E-5
1.1315363356390119E-4
1.1315363356390119E-4
2.971791503472848E-4
0.001093978761442771
1.6884379901896778E-4
1.0102246813622637E-4
4.7588155763660106E-4
3.342476302040441E-4
1.6884379901896775E-4
5.883036707701211E-4
1.7464996992660884E-4
4.500215623801977E-4
2.247047460334669E-5
3.86541084762776E-4
7.508570287010223E-5
1.0102246813622635E-4
1.3270581158702618E-4
5.037088609683979E-4
3.071215538033993E-4
6.054719767998681E-4
2.247047460334669E-5
6.159545679502903E-5
7.508570287010223E-5
5.825147343736982E-4
1.3988501323149472E-4
1.120401963710513E-4
7.508570287010223E-5
2.247047460334669E-5
9.695597658453488E-4
6.933088253624952E-4
2.2088061986444345E-4
1.120401963710513E-4
4.087308574538996E-5
1.8375668850928185E-4
5.330272402374697E-4
4.390766119221523E-4
9.244011218106935E-5
2.217977227603878E-4
1.3988501323149472E-4
0.0010701058524208256
2.247047460334669E-5
0.0010656811127796417
0.0010345305959748431
7.690348257010778E-5
1.837566885092818E-4
2.247047460334669E-5
6.682611311592859E-4
2.058228964318779E-4
2.247047460334669E-5
3.637695788962334E-4
4.3907661192215227E-4
1.115769256608057E-4
2.2179772276038776E-4
0.0026841430849184277
2.2179772276038776E-4
4.16542249866207E-4
3.3862849411861386E-5
1.0102246813622635E-4
4.087308574538996E-5
5.352403851749431E-4
2.247047460334669E-5
4.087308574538996E-5
0.0017207062945388465
7.690348257010778E-5
0.0025317991203564543
6.079859144358505E-4
1.8375668850928177E-4
2.2179772276038778E-4
4.9824849613100674E-5
1.1589301496691163E-4
2.901546800799764E-4
0.0052395594355070145
0.001203584924518267
1.120401963710513E-4
4.286980890617383E-4
1.6017836980984087E-4
4.390766119221524E-4
5.352403851749432E-4
1.0102246813622635E-4
5.103107925097477E-5
1.4864163441215427E-4
2.544464343202765E-4
2.247047460334669E-5
7.100934149768313E-4
2.247047460334669E-5
6.703578830632423E-5
7.338502472276111E-4
2.7037445251637136E-4
3.1578218138160263E-4
1.0102246813622637E-4
3.707013975754416E-4
8.620343762764757E-4
4.329584207313137E-4
5.955100107065832E-4
5.277822265742772E-4
8.211884067524718E-4
4.3907661192215227E-4
9.28940681109183E-4
2.247047460334669E-5
2.4843204397554086E-4
2.544464343202764E-4
8.656135686174419E-4
1.8375668850928185E-4
1.219359880830518E-4
1.219359880830518E-4
8.806000146987834E-5
4.628300519310102E-4
1.120401963710513E-4
2.247047460334669E-5
2.247047460334669E-5
0.002782799574571402
1.0102246813622637E-4
1.4864163441215432E-4
1.0102246813622637E-4
5.352403851749432E-4
5.299735940591942E-4
3.9038246700129033E-4
1.120401963710513E-4
1.0102246813622637E-4
9.282392627320068E-5
2.2899915374985342E-4
0.0038843931501605163
4.6283005193101007E-4
1.120401963710513E-4
4.173166032201748E-4
1.837566885092818E-4
0.0011531615058097216
2.769200553728119E-4
1.1315363356390119E-4
1.0102246813622635E-4
7.690348257010778E-5
1.6017836980984087E-4
2.4138769259017938E-4
2.247047460334669E-5
1.120401963710513E-4
1.5951605441276646E-4
1.9525961990640993E-4
8.656135686174418E-4
0.0012132904443843664
6.159545679502902E-5
0.004586220752938768
1.6017836980984087E-4
2.913594109320378E-4
1.7464996992660876E-4
2.247047460334669E-5
0.00157452382457486
1.0102246813622637E-4
2.247047460334669E-5
1.5224015896852025E-4
3.5517110020712677E-4
3.3424763020404425E-4
2.247047460334669E-5
4.087308574538996E-5
2.247047460334669E-5
8.806000146987834E-5
0.001304473645545106
7.690348257010778E-5
1.5224015896852025E-4
4.017748923678571E-4
6.809951948641571E-4
4.5901048851756547E-4
1.0102246813622635E-4
1.4717899358527336E-4
2.247047460334669E-5
6.159545679502903E-5
2.544464343202764E-4
0.001493715854017384
2.459874607222609E-4
2.4138769259017927E-4
9.282392627320068E-5
2.901546800799764E-4
6.159545679502902E-5
1.398850132314947E-4
4.087308574538996E-5
2.247047460334669E-5
1.1315363356390119E-4
1.0102246813622637E-4
2.703744525163714E-4
2.7306138971550987E-4
2.4138769259017938E-4
0.0015680133864094926
0.001112279342679577
4.7588155763660095E-4
7.100934149768312E-4
0.001080740389800836
1.6884379901896775E-4
1.0102246813622637E-4
2.247047460334669E-5
2.413876925901794E-4
0.0010051962278300008
6.054719767998683E-4
3.3286556249925616E-4
1.3270581158702615E-4
0.00146718645698243
5.77855002359054E-4
7.411431312612953E-4
6.703578830632424E-5
1.327058115870261E-4
4.6283005193101007E-4
2.247047460334669E-5
2.247047460334669E-5
9.28239262732007E-5
1.9333825586163313E-4
2.247047460334669E-5
0.0010448115922601833
2.247047460334669E-5
5.641961528800678E-4
5.077706901399587E-4
9.971553238538038E-4
6.616854095095831E-4
1.8299688002665338E-4
7.201278364551004E-4
1.0102246813622635E-4
7.508570287010223E-5
1.6884379901896775E-4
4.541755013405407E-4
3.386284941186138E-5
3.903824670012903E-4
2.247047460334669E-5
0.0019273353058528809
2.247047460334669E-5
7.690348257010778E-5
2.6319629361678165E-4
2.692564915639048E-4
2.413876925901794E-4
1.1315363356390118E-4
2.247047460334669E-5
7.837321080146818E-4
4.087308574538996E-5
1.3988501323149472E-4
9.282392627320068E-5
1.2193598808305177E-4
2.247047460334669E-5
4.0745242510421804E-4
1.219359880830518E-4
3.9038246700129044E-4
1.120401963710513E-4
1.219359880830518E-4
9.282392627320068E-5
2.247047460334669E-5
7.508570287010223E-5
0.010888292225840703
0.0016323959232272508
0.0016256461919410697
1.7432589753423465E-4
3.637695788962334E-4
1.1315363356390119E-4
6.703578830632421E-5
2.4138769259017943E-4
0.0013098898588767536
6.159545679502903E-5
4.3726109088197343E-4
0.0013861320111577895
8.656135686174419E-4
1.6884379901896778E-4
3.451001367688083E-4
4.087308574538996E-5
4.286980890617383E-4
2.247047460334669E-5
1.0102246813622637E-4
2.247047460334669E-5
4.533327543229546E-4
2.247047460334669E-5
8.091343673206822E-5
1.0629005099484503E-4
1.1589301496691163E-4
1.6017836980984092E-4
1.398850132314947E-4
0.0017885203243254695
1.6884379901896775E-4
5.883036707701211E-4
1.1315363356390119E-4
6.159545679502903E-5
0.0013098898588767532
2.247047460334669E-5
6.703578830632421E-5
2.247047460334669E-5
9.282392627320068E-5
6.159545679502904E-5
0.013172450048940215
6.159545679502903E-5
1.3270581158702612E-4
8.656135686174418E-4
9.282392627320068E-5
1.0102246813622637E-4
4.390766119221524E-4
1.120401963710513E-4
9.282392627320068E-5
0.0011259040461208468
4.286980890617383E-4
6.83169317252258E-4
2.247047460334669E-5
3.637695788962333E-4
4.087308574538996E-5
6.159545679502902E-5
0.0026140027445304215
0.0012611069221856272
8.245980054144584E-4
6.159545679502902E-5
2.240019123442132E-4
7.576772362797988E-4
6.159545679502903E-5
8.211884067524716E-4
6.703578830632421E-5
5.955100107065831E-4
0.0026841430849184277
2.247047460334669E-5
9.327976704155722E-4
2.247047460334669E-5
1.0102246813622635E-4
1.120401963710513E-4
5.200635131077483E-4
9.236188965049851E-4
2.2179772276038776E-4
4.087308574538996E-5
8.656135686174416E-4
1.471789935852734E-4
1.39306608056107E-4
9.062983254408492E-5
2.7306138971551E-4
0.001083213957849519
2.247047460334669E-5
4.087308574538996E-5
9.28239262732007E-5
2.692564915639048E-4
7.508570287010223E-5
9.282392627320068E-5
5.037088609683979E-4
4.165422498662071E-4
2.4843204397554086E-4
4.9824849613100674E-5
1.219359880830518E-4
2.2400191234421308E-4
0.0028521669757295264
1.219359880830518E-4
1.1567796925785392E-4
2.247047460334669E-5
9.086692488396417E-4
2.247047460334669E-5
2.247047460334669E-5
9.282392627320068E-5
1.681456532710521E-4
8.570958894976644E-4
6.159545679502903E-5
4.16542249866207E-4
5.103107925097477E-5
3.5517110020712677E-4
4.563808750227173E-4
7.690348257010778E-5
2.2899915374985342E-4
2.2942486389766883E-4
2.247047460334669E-5
2.7577502925817577E-4
0.002349448054065021
6.251307208244407E-4
2.4138769259017938E-4
4.087308574538996E-5
4.918026154827458E-4
1.2143179964324705E-4
3.386284941186138E-5
1.6884379901896778E-4
9.282392627320068E-5
2.247047460334669E-5
9.282392627320068E-5
6.159545679502902E-5
2.4138769259017943E-4
0.0168828401761696
0.0011810788522014196
2.7692005537281186E-4
0.00171359141208581
2.247047460334669E-5
2.247047460334669E-5
1.327058115870261E-4
2.247047460334669E-5
4.087308574538996E-5
2.942548932243412E-4
1.7464996992660876E-4
1.972000781536047E-4
0.0019273353058528809
6.277262821496657E-4
1.0102246813622637E-4
0.0010051962278300008
5.743978444742861E-4
5.481982329356196E-4
2.247047460334669E-5
0.0013098898588767539
3.386284941186138E-5
4.087308574538996E-5
6.159545679502903E-5
7.071572769535847E-4
6.159545679502903E-5
9.282392627320068E-5
2.769200553728118E-4
2.247047460334669E-5
1.39306608056107E-4
2.217977227603878E-4
3.83449012131204E-4
6.159545679502903E-5
8.656135686174419E-4
1.3270581158702618E-4
3.834490121312041E-4
0.0014611198439809857
3.707013975754416E-4
6.159545679502903E-5
1.120401963710513E-4
4.0745242510421793E-4
2.0379758923838047E-4
6.054719767998683E-4
7.576772362797985E-4
7.545443457391054E-4
1.120401963710513E-4
2.7692005537281186E-4
4.034430736575257E-4
2.4138769259017932E-4
6.159545679502903E-5
2.247047460334669E-5
1.398850132314947E-4
0.0010595759593997685
7.690348257010778E-5
0.001973994934253036
7.411431312612952E-4
0.0013918872724494955
4.087308574538996E-5
6.159545679502902E-5
0.001080740389800836
1.0102246813622637E-4
2.2400191234421316E-4
2.247047460334669E-5
9.282392627320068E-5
1.9998673784936527E-4
1.2143179964324703E-4
1.7432589753423467E-4
2.029549144040725E-4
2.247047460334669E-5
9.640052796013356E-4
8.26130935702737E-4
5.405595168015554E-4
6.159545679502902E-5
3.342476302040441E-4
1.1204019637105131E-4
6.703578830632421E-5
1.0102246813622637E-4
7.986665312897554E-4
5.037088609683979E-4
2.247047460334669E-5
3.451001367688082E-4
1.219359880830518E-4
7.434685594496453E-5
4.034430736575257E-4
1.0102246813622637E-4
1.1157692566080569E-4
2.247047460334669E-5
9.420676614838203E-4
5.077706901399587E-4
0.001372492405545378
4.3726109088197365E-4
2.247047460334669E-5
1.398850132314947E-4
4.500215623801977E-4
5.103107925097476E-5
3.451001367688083E-4
1.4717899358527336E-4
3.3862849411861386E-5
1.8375668850928185E-4
2.4138769259017943E-4
6.589494318912696E-4
9.420676614838202E-4
2.247047460334669E-5
1.9998673784936527E-4
1.9333825586163313E-4
4.087308574538996E-5
2.247047460334669E-5
0.0010151857039504436
6.159545679502902E-5
2.247047460334669E-5
4.087308574538996E-5
4.7785743200214216E-4
6.159545679502903E-5
3.0137862718546376E-4
1.398850132314947E-4
1.0102246813622637E-4
1.0102246813622635E-4
4.995519400244022E-4
0.0012253479268796036
2.247047460334669E-5
0.0013524199683165722
6.251307208244408E-4
9.086692488396417E-4
1.3523458990430498E-4
2.247047460334669E-5
1.3270581158702612E-4
9.282392627320068E-5
2.247047460334669E-5
0.0011418143411673575
0.0012155459551404719
3.170933183804503E-4
1.120401963710513E-4
1.837566885092818E-4
3.7438536758683817E-4
9.28239262732007E-5
2.247047460334669E-5
2.247047460334669E-5
6.079859144358503E-4
3.7283733589138214E-4
6.029684339481854E-4
3.451001367688083E-4
7.508570287010223E-5
0.001178887297004609
2.247047460334669E-5
9.282392627320068E-5
4.087308574538996E-5
1.1589301496691163E-4
2.403895878794338E-4
4.946363249242526E-4
1.6017836980984092E-4
8.261309357027371E-4
9.971553238538036E-4
5.027742021436486E-4
7.576772362797985E-4
5.352403851749432E-4
4.9824849613100674E-5
6.159545679502902E-5
5.103107925097476E-5
4.087308574538996E-5
6.589494318912694E-4
3.0585164867139616E-4
1.837566885092818E-4
2.769200553728118E-4
2.7692005537281186E-4
1.8375668850928185E-4
1.6017836980984084E-4
2.2088061986444337E-4
8.69207621871344E-4
1.6017836980984092E-4
1.0102246813622635E-4
2.913594109320378E-4
1.9333825586163313E-4
3.62265442018225E-4
0.001596773623474736
8.99097780918537E-4
1.9525961990640993E-4
2.294248638976689E-4
7.434685594496453E-5
5.352403851749434E-4
0.0013098898588767532
6.159545679502903E-5
4.017748923678571E-4
0.0039392840099177285
1.120401963710513E-4
1.0102246813622637E-4
4.778574320021423E-4
1.9525961990640996E-4
1.219359880830518E-4
2.247047460334669E-5
6.277262821496657E-4
1.6884379901896775E-4
6.159545679502902E-5
5.103107925097477E-5
4.946363249242527E-4
1.972000781536047E-4
4.0576766570104623E-4
4.6283005193101007E-4
6.159545679502903E-5
2.247047460334669E-5
3.451001367688083E-4
2.2942486389766891E-4
2.2179772276038776E-4
1.9720007815360473E-4
6.140279792642607E-4
1.0102246813622637E-4
0.0014196894333446677
1.3657852919606223E-4
4.087308574538996E-5
8.806000146987834E-5
9.282392627320068E-5
6.277262821496657E-4
0.0011483933425332567
5.586444356183792E-4
1.5224015896852025E-4
1.1204019637105129E-4
6.589494318912694E-4
7.10093414976831E-4
9.695597658453484E-4
1.2193598808305176E-4
0.001372492405545378
4.3295842073131356E-4
7.508570287010223E-5
1.837566885092818E-4
9.971553238538036E-4
0.0011986082673819665
4.087308574538996E-5
4.372610908819736E-4
1.120401963710513E-4
6.703578830632423E-5
2.2942486389766891E-4
1.7464996992660876E-4
2.247047460334669E-5
2.2942486389766891E-4
2.544464343202764E-4
2.247047460334669E-5
2.247047460334669E-5
9.034635967273786E-4
3.5517110020712677E-4
0.0022733896981358553
7.508570287010223E-5
4.087308574538996E-5
0.0012916375621751255
1.8375668850928185E-4
1.1204019637105131E-4
1.327058115870261E-4
1.2193598808305176E-4
4.7785743200214216E-4
9.282392627320068E-5
2.0379758923838047E-4
7.434685594496452E-5
7.508570287010223E-5
6.159545679502903E-5
8.974294567329504E-4
2.247047460334669E-5
1.8375668850928185E-4
2.0582289643187787E-4
1.7052174114776575E-4
6.497674839124049E-4
3.0081940296822825E-4
1.3523458990430498E-4
0.002149850876623795
5.330272402374697E-4
6.159545679502903E-5
2.247047460334669E-5
6.054719767998683E-4
2.247047460334669E-5
2.0497184723254394E-4
2.247047460334669E-5
2.627079187686655E-4
0.0019899129194817385
3.6376957889623336E-4
9.086692488396418E-4
9.244011218106935E-5
2.2179772276038776E-4
1.837566885092818E-4
2.942548932243412E-4
2.413876925901793E-4
2.0954454838166195E-4
0.0015967736234747355
7.508570287010223E-5
2.247047460334669E-5
3.637695788962334E-4
2.247047460334669E-5
1.219359880830518E-4
2.247047460334669E-5
6.251307208244407E-4
1.0102246813622637E-4
7.576772362797988E-4
1.120401963710513E-4
2.2942486389766886E-4
0.004849762895871945
3.088911524580316E-4
2.247047460334669E-5
9.282392627320068E-5
2.240019123442132E-4
1.3270581158702615E-4
2.247047460334669E-5
2.247047460334669E-5
0.002614002744530422
1.6884379901896775E-4
2.5444643432027633E-4
4.372610908819735E-4
3.6376957889623326E-4
7.434685594496453E-5
1.120401963710513E-4
1.3523458990430498E-4
3.451001367688082E-4
2.247047460334669E-5
0.0011259040461208468
2.0582289643187785E-4
1.39306608056107E-4
1.1589301496691169E-4
0.0010939787614427715
4.087308574538996E-5
3.028420537481109E-4
1.8375668850928177E-4
2.2942486389766883E-4
9.695597658453487E-4
1.3988501323149472E-4
2.247047460334669E-5
4.7588155763660084E-4
7.837321080146818E-4
0.0010595759593997694
6.736498840026338E-4
3.707013975754416E-4
0.0010151857039504436
2.247047460334669E-5
3.342476302040441E-4
1.9525961990640996E-4
4.372610908819735E-4
2.247047460334669E-5
0.0018318193255245476
4.9824849613100674E-5
4.0344307365752563E-4
6.079859144358504E-4
9.034635967273792E-4
1.39306608056107E-4
1.1204019637105129E-4
1.1589301496691163E-4
0.0016967295902293596
3.0137862718546376E-4
0.001080740389800836
2.247047460334669E-5
6.079859144358504E-4
2.247047460334669E-5
2.247047460334669E-5
1.0102246813622637E-4
1.0102246813622637E-4
1.705217411477658E-4
0.0010051962278300008
9.282392627320068E-5
3.9038246700129033E-4
5.352403851749432E-4
2.247047460334669E-5
2.217977227603878E-4
2.247047460334669E-5
1.0102246813622637E-4
3.451001367688083E-4
6.159545679502903E-5
8.261309357027372E-4
0.0010595759593997694
1.9998673784936527E-4
6.277262821496656E-4
1.398850132314947E-4
8.94573471511788E-4
5.103107925097476E-5
1.7432589753423465E-4
3.9038246700129044E-4
2.247047460334669E-5
2.058228964318779E-4
1.0102246813622637E-4
4.087308574538996E-5
0.0019193660410270067
1.5224015896852028E-4
6.079859144358502E-4
1.0102246813622635E-4
7.559470460534867E-4
1.5224015896852025E-4
0.008307697330949744
2.247047460334669E-5
3.637695788962334E-4
4.087308574538996E-5
2.0497184723254394E-4
2.247047460334669E-5
8.656135686174418E-4
2.247047460334669E-5
0.0018318193255245476
2.247047460334669E-5
2.901546800799764E-4
7.620428843476795E-4
7.690348257010778E-5
5.277822265742772E-4
3.3286556249925606E-4
2.247047460334669E-5
2.217977227603878E-4
2.0582289643187787E-4
8.806000146987834E-5
1.4717899358527336E-4
0.0010595759593997694
4.918026154827457E-4
6.159545679502902E-5
1.0102246813622635E-4
1.1315363356390119E-4
6.159545679502903E-5
2.7037445251637147E-4
2.7306138971551E-4
0.0029863854102027934
0.0010939787614427715
0.001065681112779642
2.247047460334669E-5
3.637695788962334E-4
6.159545679502902E-5
0.0015967736234747355
7.508570287010223E-5
0.0010571563697893038
5.586444356183791E-4
1.4717899358527336E-4
8.091343673206825E-5
0.0016323959232272508
6.114890585261862E-4
1.3523458990430498E-4
2.108057449453622E-4
2.247047460334669E-5
3.537025168488225E-4
4.087308574538996E-5
2.247047460334669E-5
5.687457420769796E-4
2.5090092109837273E-4
4.9824849613100674E-5
1.6884379901896778E-4
6.159545679502903E-5
1.219359880830518E-4
0.0012035849245182668
0.001372492405545378
4.7588155763660106E-4
1.120401963710513E-4
6.159545679502902E-5
2.247047460334669E-5
7.201278364551004E-4
2.769200553728118E-4
2.247047460334669E-5
2.0497184723254394E-4
1.2193598808305176E-4
9.062983254408492E-5
1.398850132314947E-4
8.066035489800616E-4
6.616854095095829E-4
1.308566592856305E-4
8.806000146987834E-5
2.2942486389766886E-4
0.001372492405545378
2.942548932243411E-4
9.28239262732007E-5
4.07452425104218E-4
9.282392627320068E-5
2.247047460334669E-5
1.9998673784936524E-4
1.1315363356390118E-4
1.219359880830518E-4
6.159545679502903E-5
2.217977227603878E-4
4.7785743200214244E-4
2.247047460334669E-5
6.159545679502902E-5
2.2942486389766891E-4
0.0010701058524208256
2.247047460334669E-5
1.3657852919606223E-4
6.159545679502903E-5
2.037975892383804E-4
2.247047460334669E-5
7.201278364551004E-4
2.247047460334669E-5
1.5011881072495172E-4
9.282392627320068E-5
8.974294567329504E-4
9.79195092620463E-4
2.247047460334669E-5
2.247047460334669E-5
2.247047460334669E-5
1.0102246813622637E-4
6.616854095095831E-4
2.294248638976689E-4
1.8119618193168595E-4
1.120401963710513E-4
2.2899915374985342E-4
2.247047460334669E-5
6.159545679502903E-5
2.247047460334669E-5
5.200635131077483E-4
0.0013204526050434344
9.282392627320068E-5
3.1709331838045043E-4
3.5870073265695197E-4
0.0042383038375990775
2.247047460334669E-5
4.087308574538996E-5
2.247047460334669E-5
1.829968800266534E-4
2.0582289643187785E-4
1.5224015896852025E-4
2.247047460334669E-5
7.953641556854264E-4
3.409240375379576E-4
8.656135686174416E-4
1.3270581158702612E-4
5.027742021436486E-4
1.0102246813622637E-4
6.054719767998681E-4
1.8375668850928188E-4
1.2956902346880603E-4
9.459791544027217E-4
9.282392627320068E-5
5.641961528800675E-4
4.646330704918186E-4
4.087308574538996E-5
1.6884379901896778E-4
3.1017367770005917E-4
4.711988602368336E-4
1.398850132314947E-4
2.247047460334669E-5
2.769200553728118E-4
3.6376957889623336E-4
2.247047460334669E-5
7.171502074873918E-4
1.1204019637105131E-4
1.0102246813622638E-4
2.769200553728119E-4
1.8375668850928185E-4
0.0014999178066209123
4.087308574538996E-5
4.372610908819735E-4
9.162305571422016E-4
0.0011986082673819665
7.508570287010223E-5
1.39306608056107E-4
4.826063012018075E-4
7.508570287010223E-5
5.459315090904881E-4
1.120401963710513E-4
1.120401963710513E-4
1.8375668850928177E-4
5.077706901399586E-4
3.587007326569519E-4
0.0016323959232272508
7.171502074873918E-4
3.587007326569519E-4
0.001372492405545378
1.0102246813622637E-4
4.500215623801977E-4
2.247047460334669E-5
0.0011259040461208468
4.7588155763660095E-4
6.616854095095831E-4
9.28239262732007E-5
1.3988501323149472E-4
1.219359880830518E-4
2.247047460334669E-5
7.434685594496453E-5
3.587007326569519E-4
2.4138769259017943E-4
0.0020065043780834167
9.282392627320068E-5
2.247047460334669E-5
2.108057449453622E-4
1.1315363356390119E-4
2.247047460334669E-5
3.0137862718546376E-4
2.2179772276038778E-4
9.327976704155722E-4
1.8375668850928177E-4
8.066035489800616E-4
1.120401963710513E-4
2.247047460334669E-5
4.518900652771452E-4
0.0028924713145069866
2.5339433351926894E-4
6.703578830632424E-5
0.00858563903230754
6.159545679502902E-5
2.247047460334669E-5
6.159545679502902E-5
6.054719767998682E-4
3.342476302040441E-4
3.0137862718546376E-4
1.0102246813622635E-4
4.017748923678571E-4
1.3270581158702615E-4
1.120401963710513E-4
1.219359880830518E-4
4.390766119221523E-4
6.159545679502903E-5
2.4038958787943389E-4
1.1589301496691163E-4
7.201278364551E-4
2.2179772276038776E-4
3.1709331838045043E-4
2.247047460334669E-5
1.5951605441276643E-4
3.3862849411861386E-5
9.28239262732007E-5
2.247047460334669E-5
3.386284941186138E-5
9.459791544027215E-4
2.7692005537281186E-4
2.1080574494536223E-4
2.247047460334669E-5
6.809951948641571E-4
2.5444643432027633E-4
3.386284941186138E-5
2.6319629361678165E-4
2.4843204397554086E-4
2.247047460334669E-5
2.247047460334669E-5
8.692076218713443E-4
0.010958525026019399
3.83449012131204E-4
1.0102246813622637E-4
2.247047460334669E-5
3.958990119079139E-4
8.997278997570632E-4
4.918026154827458E-4
1.6017836980984087E-4
3.637695788962334E-4
7.576772362797988E-4
7.690348257010778E-5
6.054719767998681E-4
2.247047460334669E-5
0.0016761972566201586
3.295901493655163E-4
9.282392627320068E-5
1.3657852919606226E-4
8.656135686174419E-4
4.173166032201746E-4
3.101736777000591E-4
9.695597658453491E-4
0.004020784911320003
2.247047460334669E-5
9.282392627320068E-5
0.0010151857039504436
1.681456532710521E-4
5.767827613896537E-4
1.219359880830518E-4
0.0010595759593997694
3.071215538033993E-4
1.2193598808305176E-4
2.247047460334669E-5
4.173166032201746E-4
5.037088609683979E-4
9.28940681109183E-4
2.1041458357202008E-4
5.743978444742861E-4
2.247047460334669E-5
1.2193598808305176E-4
3.386284941186138E-5
1.120401963710513E-4
1.219359880830518E-4
1.0102246813622637E-4
1.681456532710521E-4
2.247047460334669E-5
8.656135686174419E-4
1.681456532710521E-4
1.681456532710521E-4
1.0102246813622637E-4
6.159545679502903E-5
9.244011218106935E-5
3.3424763020404425E-4
2.247047460334669E-5
2.247047460334669E-5
3.9589901190791407E-4
2.4138769259017938E-4
1.681456532710521E-4
0.002880511345820402
6.079859144358503E-4
4.9824849613100674E-5
2.247047460334669E-5
1.6017836980984087E-4
1.8375668850928185E-4
9.640052796013353E-4
1.0629005099484503E-4
4.329584207313137E-4
1.952596199064099E-4
2.6771395490841665E-4
3.451001367688083E-4
0.0032524314934427303
2.769200553728118E-4
1.3270581158702618E-4
1.2193598808305177E-4
1.120401963710513E-4
9.282392627320068E-5
1.5224015896852025E-4
1.7432589753423465E-4
7.508570287010223E-5
5.12816832418829E-4
2.730613897155099E-4
5.037088609683979E-4
1.0102246813622635E-4
2.247047460334669E-5
1.1204019637105131E-4
4.173166032201746E-4
3.17682795857675E-4
6.159545679502903E-5
1.3270581158702612E-4
9.282392627320068E-5
0.0028521669757295264
0.0019114297280085695
9.695597658453491E-4
9.28239262732007E-5
2.247047460334669E-5
4.087308574538996E-5
3.071215538033993E-4
0.001734581799943712
1.8375668850928185E-4
4.087308574538996E-5
3.17682795857675E-4
0.0027170221038147493
1.120401963710513E-4
4.416065202666358E-4
2.247047460334669E-5
4.087308574538996E-5
6.159545679502903E-5
2.247047460334669E-5
1.8375668850928185E-4
6.054719767998683E-4
1.4717899358527336E-4
1.3523458990430498E-4
1.7432589753423467E-4
3.013786271854638E-4
7.508570287010223E-5
5.352403851749432E-4
1.8375668850928177E-4
4.533327543229546E-4
8.620343762764757E-4
2.247047460334669E-5
1.3523458990430498E-4
7.201278364551004E-4
0.06004204841710057
5.352403851749432E-4
2.627079187686655E-4
6.736498840026338E-4
0.0012387088160450185
6.159545679502903E-5
6.589494318912694E-4
5.955100107065831E-4
4.711988602368336E-4
1.9525961990640996E-4
1.4717899358527336E-4
7.620428843476795E-4
4.087308574538996E-5
1.0102246813622635E-4
2.247047460334669E-5
4.372610908819736E-4
1.1204019637105131E-4
4.778574320021424E-4
2.2179772276038776E-4
1.3523458990430498E-4
0.0010161566376000902
8.131078733606829E-4
0.0013098898588767539
2.247047460334669E-5
2.0379758923838047E-4
1.1315363356390119E-4
0.005590665719028288
1.120401963710513E-4
2.247047460334669E-5
9.282392627320068E-5
0.0010939787614427715
0.003226414195920247
1.327058115870261E-4
6.159545679502903E-5
1.39306608056107E-4
1.120401963710513E-4
9.282392627320068E-5
5.077706901399587E-4
5.352403851749432E-4
2.2899915374985336E-4
6.159545679502903E-5
3.6376957889623326E-4
2.247047460334669E-5
1.0102246813622635E-4
1.2193598808305176E-4
2.692564915639048E-4
2.247047460334669E-5
1.398850132314947E-4
3.386284941186138E-5
6.159545679502903E-5
2.247047460334669E-5
3.386284941186138E-5
1.3523458990430498E-4
4.087308574538996E-5
3.958990119079141E-4
7.171502074873917E-4
1.120401963710513E-4
5.595400529259789E-4
2.247047460334669E-5
2.247047460334669E-5
3.903824670012903E-4
0.0014255840260502702
1.6884379901896775E-4
1.0102246813622637E-4
2.247047460334669E-5
