2.1769764196114666E-4
5.967468839220859E-4
2.1769764196114666E-4
2.1769764196114666E-4
2.1769764196114666E-4
2.1769764196114666E-4
7.839026407088081E-4
3.280688368704806E-4
2.1769764196114666E-4
4.943974622598761E-4
3.280688368704806E-4
3.959851557884723E-4
5.967468839220859E-4
2.1769764196114666E-4
8.531397315583367E-4
3.959851557884723E-4
0.001181335843788955
2.1769764196114666E-4
5.967468839220859E-4
7.274425996049958E-4
4.309599840166319E-4
5.967468839220858E-4
5.967468839220858E-4
3.959851557884723E-4
5.967468839220859E-4
3.280688368704806E-4
6.494537075385078E-4
2.1769764196114666E-4
5.967468839220859E-4
4.309599840166319E-4
5.967468839220859E-4
8.955749622415833E-4
6.494537075385078E-4
7.202845294613073E-4
2.1769764196114666E-4
8.531397315583367E-4
2.1769764196114666E-4
0.001285675659593458
4.309599840166319E-4
0.0013496252579775683
2.1769764196114666E-4
9.555880225909823E-4
2.1769764196114666E-4
5.967468839220859E-4
3.959851557884723E-4
6.494537075385078E-4
2.1769764196114666E-4
2.1769764196114666E-4
6.494537075385078E-4
4.943974622598761E-4
4.943974622598761E-4
3.280688368704806E-4
2.1769764196114666E-4
2.1769764196114666E-4
2.1769764196114666E-4
5.967468839220859E-4
0.0021399276583256525
8.531397315583367E-4
0.0010297554401481807
4.943974622598761E-4
2.1769764196114666E-4
0.0011648748473326621
3.280688368704806E-4
2.1769764196114666E-4
3.280688368704806E-4
2.1769764196114666E-4
2.1769764196114666E-4
8.531397315583367E-4
2.1769764196114666E-4
3.280688368704806E-4
4.309599840166318E-4
0.0010297554401481807
4.309599840166318E-4
4.309599840166319E-4
6.494537075385078E-4
3.280688368704806E-4
9.555880225909823E-4
3.280688368704806E-4
2.1769764196114666E-4
8.955749622415833E-4
3.280688368704806E-4
0.0010297554401481805
3.280688368704806E-4
2.1769764196114666E-4
2.1769764196114666E-4
5.967468839220859E-4
0.0013177239537117977
0.0014199983443378688
2.1769764196114666E-4
3.280688368704806E-4
2.1769764196114666E-4
3.280688368704806E-4
4.943974622598761E-4
3.959851557884723E-4
2.1769764196114666E-4
2.1769764196114666E-4
2.1769764196114666E-4
8.780366763255794E-4
7.274425996049958E-4
2.1769764196114666E-4
3.280688368704806E-4
3.280688368704806E-4
2.1769764196114666E-4
5.967468839220859E-4
3.280688368704806E-4
3.280688368704806E-4
5.967468839220859E-4
0.0014400645237799012
0.0013496252579775683
0.0034267279722807104
3.280688368704806E-4
0.0010297554401481805
7.839026407088081E-4
2.1769764196114666E-4
2.1769764196114666E-4
4.309599840166318E-4
3.9598515578847236E-4
5.967468839220859E-4
7.839026407088082E-4
2.1769764196114666E-4
2.1769764196114666E-4
0.0017729037757892275
0.002273884366232335
3.280688368704806E-4
3.280688368704806E-4
3.280688368704806E-4
0.0032115218083902703
7.450535473611733E-4
5.967468839220859E-4
6.494537075385081E-4
5.967468839220859E-4
4.309599840166318E-4
0.0017729037757892275
2.1769764196114666E-4
2.1769764196114666E-4
4.943974622598761E-4
0.0010297554401481807
2.1769764196114666E-4
3.280688368704806E-4
2.1769764196114666E-4
9.650845004610407E-4
7.839026407088081E-4
2.1769764196114666E-4
8.53139731558337E-4
9.650845004610407E-4
3.280688368704806E-4
4.943974622598761E-4
2.1769764196114666E-4
8.99293416091953E-4
4.309599840166319E-4
2.1769764196114666E-4
0.0023289337389238037
2.1769764196114666E-4
3.280688368704806E-4
4.943974622598761E-4
2.1769764196114666E-4
2.1769764196114666E-4
3.280688368704806E-4
2.1769764196114666E-4
2.1769764196114666E-4
4.943974622598761E-4
0.0011813358437889553
3.280688368704806E-4
2.1769764196114666E-4
4.943974622598761E-4
3.280688368704806E-4
4.309599840166319E-4
4.309599840166319E-4
3.959851557884723E-4
0.0010809755486879597
0.0013231951827166145
4.943974622598761E-4
6.494537075385078E-4
4.309599840166319E-4
8.53139731558337E-4
2.1769764196114666E-4
2.1769764196114666E-4
2.1769764196114666E-4
3.280688368704806E-4
4.8271131176843413E-4
2.1769764196114666E-4
4.309599840166318E-4
0.003059349545286565
2.1769764196114666E-4
5.967468839220859E-4
3.959851557884723E-4
2.1769764196114666E-4
3.280688368704806E-4
5.967468839220859E-4
3.9598515578847236E-4
0.0039792976409065844
2.1769764196114666E-4
2.1769764196114666E-4
3.280688368704806E-4
3.280688368704806E-4
3.280688368704806E-4
8.780366763255794E-4
2.1769764196114666E-4
3.280688368704806E-4
4.309599840166319E-4
6.494537075385078E-4
4.309599840166319E-4
2.1769764196114666E-4
2.1769764196114666E-4
2.1769764196114666E-4
2.1769764196114666E-4
0.001029755440148181
2.1769764196114666E-4
2.1769764196114666E-4
2.1769764196114666E-4
3.280688368704806E-4
8.53139731558337E-4
2.1769764196114666E-4
2.1769764196114666E-4
7.202845294613076E-4
4.943974622598761E-4
6.494537075385078E-4
8.955749622415833E-4
2.1769764196114666E-4
5.967468839220859E-4
6.494537075385078E-4
5.967468839220859E-4
2.1769764196114666E-4
3.9598515578847236E-4
3.280688368704806E-4
0.0012677607689315178
3.959851557884723E-4
6.404040750952655E-4
2.1769764196114666E-4
2.1769764196114666E-4
4.943974622598761E-4
2.1769764196114666E-4
6.494537075385078E-4
4.309599840166319E-4
2.1769764196114666E-4
6.494537075385078E-4
2.1769764196114666E-4
0.0010297554401481805
4.309599840166319E-4
2.1769764196114666E-4
2.1769764196114666E-4
8.531397315583367E-4
2.1769764196114666E-4
7.839026407088081E-4
9.555880225909821E-4
0.0027834050854389698
8.780366763255795E-4
2.1769764196114666E-4
2.1769764196114666E-4
2.1769764196114666E-4
3.280688368704806E-4
2.1769764196114666E-4
3.959851557884723E-4
0.0013177239537117977
2.1769764196114666E-4
7.202845294613076E-4
4.943974622598761E-4
2.1769764196114666E-4
8.412518927428636E-4
7.202845294613076E-4
3.280688368704806E-4
9.650845004610407E-4
7.202845294613076E-4
2.1769764196114666E-4
4.309599840166319E-4
3.280688368704806E-4
7.839026407088081E-4
5.942794181222592E-4
3.280688368704806E-4
2.1769764196114666E-4
2.1769764196114666E-4
2.1769764196114666E-4
0.0014400645237799012
4.8271131176843413E-4
2.1769764196114666E-4
2.1769764196114666E-4
2.1769764196114666E-4
2.1769764196114666E-4
2.1769764196114666E-4
5.967468839220859E-4
6.494537075385078E-4
6.494537075385078E-4
2.1769764196114666E-4
3.280688368704806E-4
2.1769764196114666E-4
2.1769764196114666E-4
2.1769764196114666E-4
2.1769764196114666E-4
2.1769764196114666E-4
5.967468839220859E-4
7.839026407088081E-4
3.280688368704806E-4
3.280688368704806E-4
2.1769764196114666E-4
7.202845294613076E-4
2.1769764196114666E-4
6.494537075385078E-4
7.839026407088081E-4
7.202845294613076E-4
2.1769764196114666E-4
2.1769764196114666E-4
0.0026667961140240475
7.839026407088081E-4
3.280688368704806E-4
2.1769764196114666E-4
3.280688368704806E-4
4.309599840166319E-4
3.280688368704806E-4
2.1769764196114666E-4
4.309599840166319E-4
6.494537075385078E-4
2.1769764196114666E-4
2.1769764196114666E-4
4.309599840166318E-4
2.1769764196114666E-4
7.839026407088081E-4
5.967468839220858E-4
5.967468839220859E-4
2.1769764196114666E-4
2.1769764196114666E-4
2.1769764196114666E-4
6.404040750952656E-4
4.943974622598761E-4
2.1769764196114666E-4
3.959851557884723E-4
2.1769764196114666E-4
2.1769764196114666E-4
3.280688368704806E-4
3.280688368704806E-4
6.404040750952656E-4
2.1769764196114666E-4
3.280688368704806E-4
0.0020587895711654497
2.1769764196114666E-4
3.280688368704806E-4
2.1769764196114666E-4
6.494537075385078E-4
0.002218581345630156
3.959851557884723E-4
2.1769764196114666E-4
5.967468839220858E-4
3.280688368704806E-4
0.0022964818580933645
2.1769764196114666E-4
7.202845294613076E-4
5.967468839220859E-4
5.66120542247477E-4
0.0017729037757892281
3.280688368704806E-4
3.280688368704806E-4
3.959851557884723E-4
0.0010962509533522771
2.1769764196114666E-4
4.309599840166318E-4
2.1769764196114666E-4
3.959851557884723E-4
2.1769764196114666E-4
8.99293416091953E-4
3.280688368704806E-4
2.1769764196114666E-4
3.280688368704806E-4
8.53139731558337E-4
9.78722233800797E-4
2.1769764196114666E-4
2.1769764196114666E-4
2.1769764196114666E-4
3.280688368704806E-4
6.494537075385078E-4
0.0010399889817139533
2.1769764196114666E-4
2.1769764196114666E-4
6.494537075385078E-4
4.943974622598761E-4
3.280688368704806E-4
2.1769764196114666E-4
2.1769764196114666E-4
2.1769764196114666E-4
5.967468839220858E-4
2.1769764196114666E-4
2.1769764196114666E-4
2.1769764196114666E-4
2.1769764196114666E-4
6.494537075385078E-4
6.494537075385078E-4
3.280688368704806E-4
7.274425996049958E-4
6.494537075385081E-4
2.1769764196114666E-4
4.309599840166318E-4
4.309599840166318E-4
3.959851557884723E-4
0.0010297554401481805
3.280688368704806E-4
4.309599840166319E-4
2.1769764196114666E-4
4.309599840166318E-4
9.78722233800797E-4
5.967468839220859E-4
0.0011207071314167144
2.1769764196114666E-4
7.839026407088081E-4
2.1769764196114666E-4
3.959851557884723E-4
2.1769764196114666E-4
3.280688368704806E-4
4.309599840166318E-4
2.1769764196114666E-4
2.1769764196114666E-4
2.1769764196114666E-4
3.280688368704806E-4
7.839026407088081E-4
0.001070338697333197
4.8271131176843413E-4
4.309599840166319E-4
3.280688368704806E-4
3.280688368704806E-4
4.943974622598761E-4
5.967468839220859E-4
5.967468839220859E-4
2.1769764196114666E-4
2.1769764196114666E-4
4.943974622598761E-4
8.955749622415831E-4
7.450535473611733E-4
2.1769764196114666E-4
2.1769764196114666E-4
2.1769764196114666E-4
2.1769764196114666E-4
0.0011813358437889553
8.53139731558337E-4
2.1769764196114666E-4
2.1769764196114666E-4
0.0014400645237799012
4.309599840166319E-4
2.1769764196114666E-4
2.1769764196114666E-4
9.555880225909821E-4
0.0037293888686885756
2.1769764196114666E-4
2.1769764196114666E-4
8.955749622415833E-4
2.1769764196114666E-4
2.1769764196114666E-4
4.943974622598761E-4
3.280688368704806E-4
2.1769764196114666E-4
2.1769764196114666E-4
5.967468839220859E-4
2.1769764196114666E-4
2.1769764196114666E-4
0.001267760768931518
0.0012552859420319716
4.309599840166318E-4
0.001181335843788955
2.1769764196114666E-4
0.002666796114024046
6.494537075385078E-4
6.494537075385078E-4
2.1769764196114666E-4
2.1769764196114666E-4
4.943974622598761E-4
8.531397315583367E-4
2.1769764196114666E-4
0.001181335843788955
3.280688368704806E-4
7.202845294613076E-4
6.494537075385078E-4
2.1769764196114666E-4
2.1769764196114666E-4
2.1769764196114666E-4
3.280688368704806E-4
0.0013231951827166145
9.555880225909821E-4
3.959851557884723E-4
3.959851557884723E-4
3.280688368704806E-4
2.1769764196114666E-4
0.0011648748473326621
7.806613117493169E-4
0.0012677607689315178
0.0016290226561424194
4.309599840166319E-4
3.280688368704806E-4
0.0016653643970802896
2.1769764196114666E-4
2.1769764196114666E-4
3.280688368704806E-4
8.99293416091953E-4
2.1769764196114666E-4
3.280688368704806E-4
9.555880225909821E-4
2.1769764196114666E-4
2.1769764196114666E-4
6.494537075385078E-4
2.1769764196114666E-4
7.839026407088081E-4
4.943974622598761E-4
0.00956310106892913
3.959851557884723E-4
8.53139731558337E-4
7.839026407088081E-4
2.1769764196114666E-4
2.1769764196114666E-4
5.967468839220859E-4
8.780366763255794E-4
0.0011764511835231138
5.967468839220859E-4
0.0011813358437889553
7.202845294613076E-4
2.1769764196114666E-4
5.967468839220859E-4
4.943974622598761E-4
4.309599840166319E-4
8.780366763255794E-4
4.943974622598761E-4
2.1769764196114666E-4
4.309599840166319E-4
7.274425996049958E-4
6.494537075385078E-4
3.280688368704806E-4
0.0019469123872529611
5.967468839220859E-4
3.280688368704806E-4
7.839026407088081E-4
2.1769764196114666E-4
0.0011764511835231138
2.1769764196114666E-4
8.53139731558337E-4
2.1769764196114666E-4
2.1769764196114666E-4
3.280688368704806E-4
4.309599840166319E-4
4.943974622598761E-4
2.1769764196114666E-4
2.1769764196114666E-4
2.1769764196114666E-4
2.1769764196114666E-4
2.1769764196114666E-4
3.280688368704806E-4
3.280688368704806E-4
3.959851557884723E-4
3.280688368704806E-4
2.1769764196114666E-4
6.494537075385078E-4
2.1769764196114666E-4
0.0020587895711654497
7.202845294613076E-4
0.0012856756595934578
8.531397315583367E-4
2.1769764196114666E-4
8.53139731558337E-4
4.309599840166319E-4
0.0023289337389238037
2.1769764196114666E-4
4.943974622598761E-4
2.1769764196114666E-4
6.494537075385078E-4
0.0010297554401481805
2.1769764196114666E-4
3.280688368704806E-4
8.53139731558337E-4
2.1769764196114666E-4
3.959851557884723E-4
2.1769764196114666E-4
4.309599840166319E-4
2.1769764196114666E-4
0.0010254975438789094
5.967468839220859E-4
2.1769764196114666E-4
5.967468839220859E-4
2.1769764196114666E-4
2.1769764196114666E-4
3.959851557884723E-4
4.309599840166319E-4
3.280688368704806E-4
7.202845294613076E-4
5.942794181222592E-4
4.943974622598761E-4
2.1769764196114666E-4
7.839026407088081E-4
0.0020385309828321583
3.959851557884723E-4
0.0016653643970802896
0.0010399889817139533
2.1769764196114666E-4
3.280688368704806E-4
2.1769764196114666E-4
2.1769764196114666E-4
7.839026407088081E-4
5.967468839220859E-4
2.1769764196114666E-4
5.967468839220859E-4
6.494537075385078E-4
3.959851557884723E-4
3.959851557884723E-4
2.1769764196114666E-4
2.1769764196114666E-4
7.839026407088081E-4
3.280688368704806E-4
8.53139731558337E-4
3.959851557884723E-4
5.967468839220859E-4
2.1769764196114666E-4
3.280688368704806E-4
2.1769764196114666E-4
7.274425996049958E-4
2.1769764196114666E-4
3.280688368704806E-4
2.1769764196114666E-4
0.0010297554401481805
9.650845004610407E-4
4.943974622598761E-4
0.0010297554401481807
7.839026407088081E-4
8.53139731558337E-4
4.309599840166319E-4
0.0012856756595934582
8.780366763255795E-4
9.78722233800797E-4
5.967468839220859E-4
3.280688368704806E-4
7.839026407088081E-4
0.0013496252579775683
2.1769764196114666E-4
3.280688368704806E-4
4.309599840166319E-4
4.8271131176843413E-4
2.1769764196114666E-4
0.0010297554401481805
2.1769764196114666E-4
2.1769764196114666E-4
3.280688368704806E-4
0.0011813358437889553
2.1769764196114666E-4
2.1769764196114666E-4
2.1769764196114666E-4
6.494537075385078E-4
0.0017946207017880908
5.967468839220859E-4
2.1769764196114666E-4
5.942794181222592E-4
3.280688368704806E-4
3.959851557884723E-4
9.650845004610407E-4
2.1769764196114666E-4
8.780366763255795E-4
2.1769764196114666E-4
8.53139731558337E-4
2.1769764196114666E-4
2.1769764196114666E-4
4.309599840166319E-4
5.967468839220859E-4
5.967468839220859E-4
0.0010809755486879597
2.1769764196114666E-4
2.1769764196114666E-4
2.1769764196114666E-4
3.280688368704806E-4
5.967468839220859E-4
3.9598515578847236E-4
2.1769764196114666E-4
2.1769764196114666E-4
0.0018653477410934048
7.202845294613076E-4
3.959851557884723E-4
3.9598515578847236E-4
2.1769764196114666E-4
3.280688368704806E-4
2.1769764196114666E-4
5.967468839220859E-4
2.1769764196114666E-4
7.202845294613076E-4
3.280688368704806E-4
0.0015518343077448556
2.1769764196114666E-4
8.955749622415831E-4
9.555880225909823E-4
3.280688368704806E-4
3.280688368704806E-4
2.1769764196114666E-4
6.494537075385078E-4
3.9598515578847236E-4
2.1769764196114666E-4
6.494537075385081E-4
5.967468839220858E-4
5.942794181222592E-4
7.839026407088081E-4
7.274425996049958E-4
3.9598515578847236E-4
2.1769764196114666E-4
2.1769764196114666E-4
2.1769764196114666E-4
2.1769764196114666E-4
8.531397315583367E-4
2.1769764196114666E-4
2.1769764196114666E-4
5.967468839220859E-4
3.280688368704806E-4
0.0014400645237799012
7.202845294613076E-4
4.943974622598761E-4
4.309599840166319E-4
2.1769764196114666E-4
3.280688368704806E-4
2.1769764196114666E-4
0.0018917072102039288
7.839026407088081E-4
2.1769764196114666E-4
2.1769764196114666E-4
3.280688368704806E-4
7.839026407088082E-4
0.0014400645237799012
2.1769764196114666E-4
2.1769764196114666E-4
4.309599840166318E-4
5.967468839220859E-4
2.1769764196114666E-4
9.650845004610407E-4
2.1769764196114666E-4
3.280688368704806E-4
5.967468839220859E-4
7.839026407088081E-4
5.66120542247477E-4
4.943974622598761E-4
7.202845294613076E-4
2.1769764196114666E-4
3.959851557884723E-4
2.1769764196114666E-4
2.1769764196114666E-4
2.1769764196114666E-4
3.959851557884723E-4
6.494537075385078E-4
2.1769764196114666E-4
3.959851557884723E-4
3.959851557884723E-4
0.001176451183523114
3.280688368704806E-4
3.959851557884723E-4
3.959851557884723E-4
2.1769764196114666E-4
5.967468839220859E-4
2.1769764196114666E-4
2.1769764196114666E-4
2.1769764196114666E-4
0.0011813358437889549
2.1769764196114666E-4
7.274425996049958E-4
2.1769764196114666E-4
3.280688368704806E-4
7.839026407088081E-4
0.001267760768931518
3.959851557884723E-4
2.1769764196114666E-4
2.1769764196114666E-4
4.309599840166319E-4
0.002218581345630156
5.967468839220859E-4
2.1769764196114666E-4
5.967468839220859E-4
5.967468839220859E-4
7.839026407088081E-4
4.309599840166319E-4
2.1769764196114666E-4
2.1769764196114666E-4
2.1769764196114666E-4
2.1769764196114666E-4
5.967468839220859E-4
2.1769764196114666E-4
3.959851557884723E-4
5.942794181222592E-4
2.1769764196114666E-4
9.650845004610407E-4
7.839026407088081E-4
2.1769764196114666E-4
0.0028110661110822273
2.1769764196114666E-4
3.9598515578847236E-4
7.450535473611733E-4
2.1769764196114666E-4
7.839026407088081E-4
2.1769764196114666E-4
2.1769764196114666E-4
6.494537075385078E-4
5.66120542247477E-4
6.494537075385081E-4
2.1769764196114666E-4
2.1769764196114666E-4
2.1769764196114666E-4
2.1769764196114666E-4
6.494537075385081E-4
3.280688368704806E-4
3.280688368704806E-4
3.959851557884723E-4
5.967468839220859E-4
3.959851557884723E-4
2.1769764196114666E-4
4.309599840166318E-4
2.1769764196114666E-4
2.1769764196114666E-4
3.280688368704806E-4
9.555880225909821E-4
7.202845294613076E-4
0.0010297554401481805
2.1769764196114666E-4
0.001267760768931518
2.1769764196114666E-4
3.280688368704806E-4
2.1769764196114666E-4
2.1769764196114666E-4
2.1769764196114666E-4
3.280688368704806E-4
7.839026407088081E-4
9.650845004610407E-4
8.53139731558337E-4
3.280688368704806E-4
0.0019858008608460514
6.494537075385078E-4
8.53139731558337E-4
4.309599840166318E-4
3.9598515578847236E-4
3.280688368704806E-4
2.1769764196114666E-4
7.839026407088081E-4
6.494537075385078E-4
2.1769764196114666E-4
4.309599840166319E-4
3.280688368704806E-4
0.0015971210663128384
4.943974622598761E-4
7.839026407088081E-4
4.309599840166319E-4
8.531397315583367E-4
5.967468839220859E-4
2.1769764196114666E-4
2.1769764196114666E-4
3.959851557884723E-4
3.959851557884723E-4
2.1769764196114666E-4
9.650845004610407E-4
2.1769764196114666E-4
5.967468839220859E-4
4.309599840166319E-4
7.839026407088081E-4
8.531397315583367E-4
3.280688368704806E-4
8.53139731558337E-4
6.494537075385077E-4
2.1769764196114666E-4
3.959851557884723E-4
4.943974622598761E-4
3.280688368704806E-4
9.650845004610407E-4
2.1769764196114666E-4
0.0014400645237799012
2.1769764196114666E-4
2.1769764196114666E-4
3.280688368704806E-4
4.309599840166319E-4
5.967468839220859E-4
2.1769764196114666E-4
2.1769764196114666E-4
8.531397315583367E-4
2.1769764196114666E-4
3.280688368704806E-4
4.943974622598761E-4
6.494537075385078E-4
2.1769764196114666E-4
7.839026407088082E-4
3.959851557884723E-4
4.309599840166319E-4
3.959851557884723E-4
3.959851557884723E-4
4.943974622598761E-4
2.1769764196114666E-4
2.1769764196114666E-4
0.0019858008608460514
0.0020385309828321583
4.309599840166318E-4
2.1769764196114666E-4
6.494537075385081E-4
2.1769764196114666E-4
3.280688368704806E-4
3.959851557884723E-4
7.839026407088081E-4
3.280688368704806E-4
6.404040750952655E-4
6.901086709253161E-4
3.280688368704806E-4
5.967468839220859E-4
4.309599840166319E-4
2.1769764196114666E-4
8.780366763255795E-4
2.1769764196114666E-4
2.1769764196114666E-4
2.1769764196114666E-4
6.494537075385078E-4
2.1769764196114666E-4
2.1769764196114666E-4
2.1769764196114666E-4
4.943974622598761E-4
4.309599840166319E-4
5.967468839220858E-4
8.992934160919528E-4
3.959851557884723E-4
9.650845004610407E-4
2.1769764196114666E-4
3.280688368704806E-4
8.531397315583367E-4
2.1769764196114666E-4
2.1769764196114666E-4
2.1769764196114666E-4
2.1769764196114666E-4
2.1769764196114666E-4
0.0054873184849616565
3.280688368704806E-4
5.66120542247477E-4
9.650845004610407E-4
3.280688368704806E-4
2.1769764196114666E-4
7.202845294613076E-4
7.202845294613076E-4
4.943974622598761E-4
9.555880225909821E-4
8.780366763255795E-4
8.53139731558337E-4
2.1769764196114666E-4
3.9598515578847236E-4
2.1769764196114666E-4
2.1769764196114666E-4
0.0011207071314167144
8.780366763255794E-4
6.494537075385078E-4
2.1769764196114666E-4
4.309599840166319E-4
7.839026407088081E-4
3.280688368704806E-4
3.280688368704806E-4
3.280688368704806E-4
2.1769764196114666E-4
0.001772903775789228
2.1769764196114666E-4
5.967468839220858E-4
2.1769764196114666E-4
2.1769764196114666E-4
2.1769764196114666E-4
8.531397315583367E-4
0.0010297554401481807
3.9598515578847236E-4
2.1769764196114666E-4
0.0014199983443378688
4.309599840166319E-4
2.1769764196114666E-4
2.1769764196114666E-4
5.967468839220859E-4
8.53139731558337E-4
2.1769764196114666E-4
2.1769764196114666E-4
2.1769764196114666E-4
4.309599840166319E-4
2.1769764196114666E-4
3.959851557884723E-4
3.280688368704806E-4
3.959851557884723E-4
5.967468839220859E-4
2.1769764196114666E-4
3.959851557884723E-4
6.494537075385078E-4
9.650845004610407E-4
3.959851557884723E-4
2.1769764196114666E-4
2.1769764196114666E-4
0.0013496252579775683
2.1769764196114666E-4
2.1769764196114666E-4
2.1769764196114666E-4
3.959851557884723E-4
0.0012552859420319716
3.280688368704806E-4
8.53139731558337E-4
2.1769764196114666E-4
7.839026407088081E-4
7.274425996049958E-4
3.280688368704806E-4
4.309599840166319E-4
4.943974622598761E-4
2.1769764196114666E-4
2.1769764196114666E-4
0.0022833256016770473
8.53139731558337E-4
4.943974622598761E-4
2.1769764196114666E-4
0.0011813358437889553
2.1769764196114666E-4
2.1769764196114666E-4
5.967468839220859E-4
4.943974622598761E-4
2.1769764196114666E-4
3.280688368704806E-4
2.1769764196114666E-4
3.959851557884723E-4
0.003029245398717318
0.001688897875806821
5.967468839220859E-4
8.531397315583367E-4
2.1769764196114666E-4
2.1769764196114666E-4
8.531397315583367E-4
2.1769764196114666E-4
2.1769764196114666E-4
8.53139731558337E-4
3.280688368704806E-4
2.1769764196114666E-4
0.0014400645237799012
3.280688368704806E-4
2.1769764196114666E-4
7.839026407088081E-4
3.280688368704806E-4
5.967468839220859E-4
2.1769764196114666E-4
0.0014258942196510931
2.1769764196114666E-4
2.1769764196114666E-4
3.280688368704806E-4
9.650845004610407E-4
3.280688368704806E-4
2.1769764196114666E-4
9.78722233800797E-4
2.1769764196114666E-4
3.280688368704806E-4
7.202845294613076E-4
3.280688368704806E-4
3.280688368704806E-4
3.280688368704806E-4
4.309599840166319E-4
5.967468839220859E-4
0.0010809755486879597
7.202845294613076E-4
2.1769764196114666E-4
3.959851557884723E-4
7.274425996049958E-4
7.202845294613076E-4
2.1769764196114666E-4
3.959851557884723E-4
7.839026407088081E-4
3.959851557884723E-4
6.494537075385078E-4
5.967468839220859E-4
5.66120542247477E-4
3.280688368704806E-4
2.1769764196114666E-4
3.280688368704806E-4
8.531397315583367E-4
7.450535473611733E-4
7.450535473611733E-4
9.555880225909821E-4
0.0015518343077448556
2.1769764196114666E-4
2.1769764196114666E-4
0.001688897875806821
3.280688368704806E-4
7.274425996049958E-4
2.1769764196114666E-4
2.1769764196114666E-4
6.494537075385078E-4
4.309599840166318E-4
4.309599840166319E-4
0.0010809755486879597
2.1769764196114666E-4
5.967468839220859E-4
7.839026407088081E-4
6.494537075385078E-4
2.1769764196114666E-4
5.967468839220859E-4
3.280688368704806E-4
3.280688368704806E-4
2.1769764196114666E-4
7.202845294613076E-4
3.280688368704806E-4
2.1769764196114666E-4
8.531397315583367E-4
2.1769764196114666E-4
2.1769764196114666E-4
7.202845294613076E-4
2.1769764196114666E-4
2.1769764196114666E-4
2.1769764196114666E-4
6.494537075385078E-4
4.309599840166319E-4
9.555880225909821E-4
0.001176451183523114
2.1769764196114666E-4
3.280688368704806E-4
0.0010809755486879597
3.280688368704806E-4
4.309599840166319E-4
4.309599840166318E-4
2.1769764196114666E-4
5.967468839220859E-4
3.959851557884723E-4
7.839026407088081E-4
3.280688368704806E-4
2.1769764196114666E-4
4.943974622598761E-4
2.1769764196114666E-4
2.1769764196114666E-4
2.1769764196114666E-4
9.650845004610407E-4
2.1769764196114666E-4
2.1769764196114666E-4
2.1769764196114666E-4
4.943974622598761E-4
3.959851557884723E-4
3.280688368704806E-4
3.280688368704806E-4
3.280688368704806E-4
2.1769764196114666E-4
8.955749622415833E-4
0.0011207071314167144
2.1769764196114666E-4
4.309599840166318E-4
2.1769764196114666E-4
3.280688368704806E-4
2.1769764196114666E-4
2.1769764196114666E-4
2.1769764196114666E-4
3.280688368704806E-4
2.1769764196114666E-4
8.53139731558337E-4
8.531397315583367E-4
4.309599840166318E-4
7.202845294613076E-4
3.280688368704806E-4
7.202845294613076E-4
3.280688368704806E-4
2.1769764196114666E-4
2.1769764196114666E-4
3.280688368704806E-4
0.0013177239537117977
9.650845004610407E-4
4.309599840166319E-4
2.1769764196114666E-4
0.0011207071314167144
2.1769764196114666E-4
2.1769764196114666E-4
2.1769764196114666E-4
4.943974622598761E-4
2.1769764196114666E-4
0.0016290226561424194
4.309599840166319E-4
4.943974622598761E-4
0.0010854637912814254
0.0010297554401481805
3.959851557884723E-4
7.274425996049958E-4
2.1769764196114666E-4
2.1769764196114666E-4
3.280688368704806E-4
2.1769764196114666E-4
8.955749622415831E-4
3.959851557884723E-4
7.839026407088081E-4
5.967468839220859E-4
6.494537075385078E-4
3.280688368704806E-4
5.66120542247477E-4
7.806613117493169E-4
6.494537075385078E-4
4.309599840166319E-4
2.1769764196114666E-4
4.309599840166318E-4
2.1769764196114666E-4
4.309599840166319E-4
4.943974622598761E-4
8.531397315583367E-4
2.1769764196114666E-4
9.78722233800797E-4
2.1769764196114666E-4
8.53139731558337E-4
8.531397315583367E-4
2.1769764196114666E-4
0.0011648748473326624
0.001688897875806821
3.9598515578847236E-4
2.1769764196114666E-4
5.967468839220859E-4
4.309599840166319E-4
3.959851557884723E-4
2.1769764196114666E-4
8.53139731558337E-4
3.959851557884723E-4
2.1769764196114666E-4
2.1769764196114666E-4
0.0011648748473326624
2.1769764196114666E-4
5.942794181222592E-4
5.967468839220859E-4
2.1769764196114666E-4
2.1769764196114666E-4
4.309599840166319E-4
6.494537075385078E-4
3.9598515578847236E-4
2.1769764196114666E-4
9.78722233800797E-4
2.1769764196114666E-4
0.0012856756595934582
7.274425996049958E-4
2.1769764196114666E-4
3.280688368704806E-4
3.280688368704806E-4
8.53139731558337E-4
9.650845004610407E-4
7.202845294613076E-4
3.280688368704806E-4
5.967468839220858E-4
3.280688368704806E-4
3.280688368704806E-4
0.0014199983443378688
4.309599840166318E-4
9.555880225909821E-4
2.1769764196114666E-4
2.1769764196114666E-4
4.943974622598761E-4
8.99293416091953E-4
8.53139731558337E-4
2.1769764196114666E-4
8.955749622415833E-4
2.1769764196114666E-4
2.1769764196114666E-4
9.78722233800797E-4
3.280688368704806E-4
2.1769764196114666E-4
9.78722233800797E-4
3.9598515578847236E-4
2.1769764196114666E-4
2.1769764196114666E-4
9.555880225909821E-4
5.66120542247477E-4
6.494537075385078E-4
2.1769764196114666E-4
2.1769764196114666E-4
5.967468839220858E-4
3.280688368704806E-4
3.9598515578847236E-4
8.531397315583367E-4
7.839026407088081E-4
4.309599840166318E-4
3.280688368704806E-4
7.202845294613076E-4
2.1769764196114666E-4
2.1769764196114666E-4
3.280688368704806E-4
6.494537075385078E-4
2.1769764196114666E-4
3.959851557884723E-4
7.274425996049958E-4
3.280688368704806E-4
7.839026407088081E-4
4.309599840166319E-4
3.959851557884723E-4
0.0010809755486879597
2.1769764196114666E-4
3.280688368704806E-4
2.1769764196114666E-4
2.1769764196114666E-4
2.1769764196114666E-4
4.8271131176843413E-4
2.1769764196114666E-4
2.1769764196114666E-4
0.0017946207017880908
3.280688368704806E-4
2.1769764196114666E-4
2.1769764196114666E-4
3.9598515578847236E-4
7.839026407088081E-4
4.309599840166319E-4
2.1769764196114666E-4
7.806613117493169E-4
0.001440064523779901
2.1769764196114666E-4
2.1769764196114666E-4
6.494537075385081E-4
2.1769764196114666E-4
2.1769764196114666E-4
2.1769764196114666E-4
2.1769764196114666E-4
2.1769764196114666E-4
8.53139731558337E-4
3.959851557884723E-4
4.943974622598761E-4
0.004018843251663387
8.955749622415831E-4
2.1769764196114666E-4
4.943974622598761E-4
4.309599840166319E-4
4.309599840166319E-4
2.1769764196114666E-4
2.1769764196114666E-4
0.0011207071314167144
3.959851557884723E-4
4.943974622598761E-4
8.955749622415833E-4
4.943974622598761E-4
2.1769764196114666E-4
5.967468839220859E-4
2.1769764196114666E-4
6.494537075385078E-4
2.1769764196114666E-4
9.555880225909821E-4
7.274425996049958E-4
3.280688368704806E-4
2.1769764196114666E-4
6.494537075385078E-4
2.1769764196114666E-4
7.274425996049958E-4
6.494537075385078E-4
4.943974622598761E-4
7.839026407088081E-4
5.967468839220859E-4
2.1769764196114666E-4
3.280688368704806E-4
8.531397315583367E-4
5.967468839220858E-4
3.280688368704806E-4
0.0013101748785210405
9.650845004610407E-4
2.1769764196114666E-4
5.967468839220859E-4
4.309599840166319E-4
6.494537075385078E-4
2.1769764196114666E-4
8.992934160919528E-4
2.1769764196114666E-4
7.839026407088081E-4
7.839026407088081E-4
3.9598515578847236E-4
3.280688368704806E-4
5.967468839220858E-4
4.943974622598761E-4
0.0020385309828321583
7.450535473611733E-4
0.001688897875806821
2.1769764196114666E-4
0.0011813358437889549
2.1769764196114666E-4
2.1769764196114666E-4
2.1769764196114666E-4
2.1769764196114666E-4
2.1769764196114666E-4
7.839026407088081E-4
5.967468839220859E-4
9.650845004610407E-4
8.53139731558337E-4
2.1769764196114666E-4
7.202845294613076E-4
2.1769764196114666E-4
2.1769764196114666E-4
2.1769764196114666E-4
2.1769764196114666E-4
4.943974622598761E-4
5.967468839220858E-4
6.494537075385078E-4
8.531397315583367E-4
3.280688368704806E-4
4.8271131176843413E-4
3.280688368704806E-4
2.1769764196114666E-4
4.309599840166319E-4
2.1769764196114666E-4
3.9598515578847236E-4
3.280688368704806E-4
2.1769764196114666E-4
7.839026407088081E-4
4.943974622598761E-4
7.839026407088081E-4
2.1769764196114666E-4
8.955749622415831E-4
3.280688368704806E-4
0.0031486297110497503
2.1769764196114666E-4
6.494537075385081E-4
2.1769764196114666E-4
4.8271131176843413E-4
2.1769764196114666E-4
9.650845004610407E-4
2.1769764196114666E-4
0.0010962509533522771
2.1769764196114666E-4
2.1769764196114666E-4
2.1769764196114666E-4
2.1769764196114666E-4
0.0010297554401481805
2.1769764196114666E-4
2.1769764196114666E-4
7.202845294613076E-4
7.274425996049958E-4
2.1769764196114666E-4
7.839026407088081E-4
5.967468839220858E-4
5.967468839220859E-4
2.1769764196114666E-4
2.1769764196114666E-4
2.1769764196114666E-4
3.280688368704806E-4
5.967468839220859E-4
5.967468839220859E-4
0.0013496252579775683
6.494537075385078E-4
9.650845004610407E-4
2.1769764196114666E-4
6.494537075385081E-4
2.1769764196114666E-4
0.001440064523779901
2.1769764196114666E-4
4.943974622598761E-4
3.959851557884723E-4
3.9598515578847236E-4
2.1769764196114666E-4
0.002218581345630156
8.955749622415833E-4
2.1769764196114666E-4
3.280688368704806E-4
2.1769764196114666E-4
4.8271131176843413E-4
2.1769764196114666E-4
2.1769764196114666E-4
3.959851557884723E-4
3.280688368704806E-4
2.1769764196114666E-4
5.967468839220859E-4
3.280688368704806E-4
2.1769764196114666E-4
0.0011813358437889549
8.780366763255794E-4
0.001176451183523114
2.1769764196114666E-4
2.1769764196114666E-4
2.1769764196114666E-4
8.531397315583367E-4
4.943974622598761E-4
2.1769764196114666E-4
4.8271131176843413E-4
2.1769764196114666E-4
2.1769764196114666E-4
3.280688368704806E-4
8.531397315583367E-4
0.0010297554401481805
6.404040750952656E-4
3.280688368704806E-4
3.280688368704806E-4
8.780366763255794E-4
4.309599840166319E-4
3.959851557884723E-4
9.78722233800797E-4
4.943974622598761E-4
2.1769764196114666E-4
5.661205422474771E-4
2.1769764196114666E-4
2.1769764196114666E-4
3.280688368704806E-4
7.202845294613076E-4
6.494537075385081E-4
2.1769764196114666E-4
2.1769764196114666E-4
6.494537075385078E-4
0.0015518343077448556
2.1769764196114666E-4
2.1769764196114666E-4
2.1769764196114666E-4
3.959851557884723E-4
2.1769764196114666E-4
4.943974622598761E-4
2.1769764196114666E-4
9.650845004610407E-4
3.280688368704806E-4
6.494537075385078E-4
3.280688368704806E-4
2.1769764196114666E-4
2.1769764196114666E-4
2.1769764196114666E-4
2.1769764196114666E-4
3.280688368704806E-4
9.78722233800797E-4
2.1769764196114666E-4
2.1769764196114666E-4
4.309599840166319E-4
2.1769764196114666E-4
2.1769764196114666E-4
2.1769764196114666E-4
8.531397315583367E-4
9.555880225909821E-4
2.1769764196114666E-4
4.309599840166319E-4
4.309599840166319E-4
0.0017481997401637519
2.1769764196114666E-4
2.1769764196114666E-4
2.1769764196114666E-4
2.1769764196114666E-4
7.274425996049958E-4
6.494537075385078E-4
2.1769764196114666E-4
3.280688368704806E-4
3.280688368704806E-4
9.650845004610407E-4
3.280688368704806E-4
0.0010297554401481805
2.1769764196114666E-4
0.0010809755486879597
4.309599840166319E-4
5.66120542247477E-4
3.280688368704806E-4
2.1769764196114666E-4
4.943974622598761E-4
0.0017309973706956102
2.1769764196114666E-4
5.967468839220859E-4
5.967468839220859E-4
3.959851557884723E-4
5.967468839220858E-4
2.1769764196114666E-4
5.967468839220859E-4
8.53139731558337E-4
2.1769764196114666E-4
3.280688368704806E-4
3.280688368704806E-4
4.309599840166319E-4
2.1769764196114666E-4
2.1769764196114666E-4
0.0020385309828321583
2.1769764196114666E-4
6.494537075385078E-4
0.0010854637912814252
7.839026407088081E-4
2.1769764196114666E-4
3.280688368704806E-4
0.0020587895711654497
2.1769764196114666E-4
8.955749622415831E-4
3.959851557884723E-4
2.1769764196114666E-4
3.959851557884723E-4
2.1769764196114666E-4
6.494537075385078E-4
0.002218581345630156
3.280688368704806E-4
4.309599840166319E-4
9.555880225909821E-4
3.280688368704806E-4
8.780366763255795E-4
2.1769764196114666E-4
9.555880225909821E-4
6.494537075385078E-4
7.839026407088081E-4
3.280688368704806E-4
5.967468839220859E-4
3.959851557884723E-4
2.1769764196114666E-4
2.1769764196114666E-4
6.494537075385078E-4
3.280688368704806E-4
0.0017309973706956105
3.280688368704806E-4
2.1769764196114666E-4
8.992934160919528E-4
2.1769764196114666E-4
2.1769764196114666E-4
3.280688368704806E-4
3.280688368704806E-4
5.967468839220858E-4
3.280688368704806E-4
3.280688368704806E-4
3.959851557884723E-4
2.1769764196114666E-4
7.202845294613076E-4
0.0016129929949091387
8.955749622415831E-4
4.309599840166319E-4
0.002921851851562236
2.1769764196114666E-4
2.1769764196114666E-4
2.1769764196114666E-4
3.280688368704806E-4
7.202845294613076E-4
4.943974622598761E-4
2.1769764196114666E-4
3.959851557884723E-4
3.280688368704806E-4
3.959851557884723E-4
2.1769764196114666E-4
5.967468839220859E-4
3.280688368704806E-4
5.942794181222592E-4
4.943974622598761E-4
0.0011207071314167144
5.967468839220859E-4
4.309599840166319E-4
2.1769764196114666E-4
5.66120542247477E-4
2.1769764196114666E-4
5.967468839220859E-4
2.1769764196114666E-4
2.1769764196114666E-4
0.0020385309828321583
5.967468839220859E-4
5.967468839220859E-4
2.1769764196114666E-4
5.967468839220859E-4
4.943974622598761E-4
3.280688368704806E-4
3.280688368704806E-4
5.967468839220859E-4
2.1769764196114666E-4
2.1769764196114666E-4
5.967468839220859E-4
0.0017381845232059179
3.280688368704806E-4
2.1769764196114666E-4
2.1769764196114666E-4
0.0011207071314167144
0.0011648748473326624
0.0011813358437889553
2.1769764196114666E-4
6.494537075385081E-4
8.53139731558337E-4
2.1769764196114666E-4
7.839026407088081E-4
2.1769764196114666E-4
0.0013496252579775683
3.959851557884723E-4
3.280688368704806E-4
5.967468839220859E-4
8.53139731558337E-4
3.280688368704806E-4
5.967468839220858E-4
5.942794181222592E-4
0.0012500955083415437
2.1769764196114666E-4
4.943974622598761E-4
9.650845004610407E-4
0.0010809755486879597
3.280688368704806E-4
2.1769764196114666E-4
5.967468839220858E-4
5.967468839220859E-4
4.309599840166318E-4
2.1769764196114666E-4
5.967468839220859E-4
3.280688368704806E-4
6.494537075385078E-4
3.959851557884723E-4
8.53139731558337E-4
2.1769764196114666E-4
2.1769764196114666E-4
2.1769764196114666E-4
5.967468839220859E-4
2.1769764196114666E-4
2.1769764196114666E-4
3.959851557884723E-4
2.1769764196114666E-4
3.280688368704806E-4
3.959851557884723E-4
3.959851557884723E-4
2.1769764196114666E-4
2.1769764196114666E-4
3.280688368704806E-4
6.494537075385081E-4
2.1769764196114666E-4
2.1769764196114666E-4
0.0012856756595934578
3.280688368704806E-4
3.959851557884723E-4
0.002273884366232335
6.494537075385078E-4
2.1769764196114666E-4
2.1769764196114666E-4
0.0010297554401481807
5.967468839220859E-4
7.202845294613076E-4
2.1769764196114666E-4
7.202845294613076E-4
8.531397315583367E-4
4.309599840166319E-4
4.309599840166319E-4
0.0027718960905193054
5.967468839220859E-4
2.1769764196114666E-4
7.839026407088082E-4
5.967468839220859E-4
3.280688368704806E-4
6.494537075385078E-4
2.1769764196114666E-4
2.1769764196114666E-4
6.494537075385078E-4
9.650845004610407E-4
5.967468839220859E-4
6.494537075385078E-4
2.1769764196114666E-4
3.959851557884723E-4
3.280688368704806E-4
8.992934160919528E-4
2.1769764196114666E-4
4.309599840166318E-4
4.943974622598761E-4
0.0017554583174231658
0.002273884366232335
2.1769764196114666E-4
2.1769764196114666E-4
2.1769764196114666E-4
2.1769764196114666E-4
5.967468839220859E-4
9.555880225909821E-4
3.959851557884723E-4
2.1769764196114666E-4
3.280688368704806E-4
0.0017381845232059176
2.1769764196114666E-4
9.650845004610407E-4
2.1769764196114666E-4
2.1769764196114666E-4
3.280688368704806E-4
2.1769764196114666E-4
3.280688368704806E-4
2.1769764196114666E-4
4.309599840166318E-4
3.9598515578847236E-4
4.309599840166319E-4
6.494537075385078E-4
2.1769764196114666E-4
7.839026407088081E-4
3.280688368704806E-4
4.309599840166319E-4
2.1769764196114666E-4
2.1769764196114666E-4
3.9598515578847236E-4
7.839026407088081E-4
0.013187196838368713
0.0011813358437889553
2.1769764196114666E-4
3.280688368704806E-4
0.0015971210663128384
3.280688368704806E-4
3.280688368704806E-4
2.1769764196114666E-4
3.959851557884723E-4
4.309599840166319E-4
4.309599840166318E-4
2.1769764196114666E-4
2.1769764196114666E-4
2.1769764196114666E-4
2.1769764196114666E-4
8.955749622415833E-4
2.1769764196114666E-4
3.9598515578847236E-4
5.967468839220859E-4
3.959851557884723E-4
0.0013101748785210405
7.839026407088081E-4
0.0016888978758068211
2.1769764196114666E-4
7.202845294613076E-4
2.1769764196114666E-4
0.0028110661110822277
7.202845294613076E-4
2.1769764196114666E-4
3.280688368704806E-4
6.494537075385078E-4
0.0034267279722807104
8.531397315583367E-4
3.280688368704806E-4
3.280688368704806E-4
2.1769764196114666E-4
4.943974622598761E-4
8.53139731558337E-4
7.274425996049958E-4
4.309599840166319E-4
2.1769764196114666E-4
4.943974622598761E-4
2.1769764196114666E-4
2.1769764196114666E-4
4.309599840166318E-4
4.309599840166319E-4
2.1769764196114666E-4
2.1769764196114666E-4
2.1769764196114666E-4
2.1769764196114666E-4
2.1769764196114666E-4
2.1769764196114666E-4
2.1769764196114666E-4
2.1769764196114666E-4
3.280688368704806E-4
8.531397315583367E-4
5.967468839220859E-4
2.1769764196114666E-4
2.1769764196114666E-4
2.1769764196114666E-4
8.531397315583367E-4
9.787222338007969E-4
3.959851557884723E-4
2.1769764196114666E-4
2.1769764196114666E-4
